[[4.999999467440305, 3.0672190166144966, 2.4023750082109587], [0.01010419021433337, 0.42180644189696442, 0.41261058917200283], [array([[  81.50623733,  192.4300886 ]]), array([[ 114.73846495,   21.81318391],
       [  17.62076215,   88.55353006],
       [ 134.22982446,   30.97777593],
       [ 121.82867237,  114.69660933],
       [ 106.12144301,   24.32136276],
       [ 153.18750983,   73.60116482],
       [ 182.56694439,   63.98660139],
       [ 128.39405202,  103.49719218],
       [  49.96072906,   72.36726865],
       [   3.09686682,   29.00280359],
       [ 108.27984232,  194.59610166],
       [ 179.53391208,   18.56232058],
       [ 163.97448521,  117.60367735],
       [  43.20355392,  160.07057134],
       [  41.81830661,    5.37792434],
       [ 143.52558113,  160.97099526],
       [ 113.86662175,   89.21491   ],
       [ 123.94230999,   11.21374121],
       [ 100.0968919 ,   11.57479925],
       [  69.81762671,  166.74804787],
       [  82.13174008,  191.02011812],
       [ 152.88079409,   69.26240833],
       [  57.81236488,   79.20372874],
       [ 135.48214758,    3.94801297],
       [  80.10347741,  170.45106583],
       [  92.27072528,   37.26750142],
       [ 162.84096548,   29.75917471],
       [ 120.78853809,  160.21252505],
       [ 108.12714582,  100.43466466],
       [  31.43325045,   91.3610337 ],
       [  37.14548202,   13.5244797 ],
       [ 105.89050131,  126.11493846],
       [  98.05042395,  140.36894954],
       [ 118.79992144,  127.93968553],
       [ 160.49390511,   19.46652337],
       [ 195.90930498,  107.78090291],
       [ 106.00237563,   24.69178084],
       [  67.58526215,    9.9870795 ],
       [ 131.92091573,   23.77146845],
       [  35.68103739,   44.18020556],
       [  96.7632497 ,  138.55404767],
       [  86.46584569,   84.21416235],
       [ 191.83812777,  126.34267754],
       [ 176.26899528,   55.47595498],
       [  60.55259022,    0.55947855],
       [ 136.21585902,  109.80141219],
       [  50.24045888,   97.76505316],
       [  38.66627298,   12.31149969],
       [  72.97914804,   48.18410121],
       [ 121.11974889,    1.29981259],
       [  44.56978046,  118.90524274],
       [ 189.84341554,   26.79190301],
       [ 113.01094959,   22.42061745],
       [  99.75939714,  163.29566289],
       [ 163.33139411,   66.81752588],
       [  26.87459983,  184.5334325 ],
       [  29.16079108,   21.93667505],
       [ 180.76509945,  108.01145749],
       [ 193.61900581,  120.73601032],
       [  63.261593  ,   67.13709381],
       [   2.58225634,   72.57611772],
       [  78.76598923,  147.15551125],
       [ 148.03948941,  127.99765859],
       [ 180.74539744,  130.79554161],
       [ 179.51716619,  171.09760352],
       [ 189.30633987,  148.47771258],
       [  11.86610622,  125.2852455 ],
       [ 105.85932322,  105.41831219],
       [   3.7008962 ,    4.88988594],
       [ 121.20554481,  178.24855315],
       [ 148.75066647,  151.56486713],
       [  27.40659314,  121.58996347],
       [ 164.42394949,  156.61974163],
       [  65.03484698,   79.76297588],
       [  74.51482887,  137.71099041],
       [  67.05047156,  111.16149294],
       [  10.10744796,   34.66170159],
       [ 102.78964643,  162.98878333],
       [  63.35385053,   21.74776313],
       [ 138.14883966,  120.21911246],
       [  68.09443658,  198.61810732],
       [  48.97714814,   54.6333806 ],
       [   3.63574788,  109.05804193],
       [  72.58066034,  195.54176786],
       [ 160.43513084,   94.94151299],
       [  48.35000006,  130.91910021],
       [  75.66711172,   61.27874802],
       [ 104.80774812,  105.45331301],
       [  43.94221822,  191.30372975],
       [  30.83216656,  104.13257947],
       [  94.57556653,  144.11800686],
       [ 157.46684538,  118.45064464],
       [  81.87350561,  123.00925997],
       [ 110.87990149,  132.69163967],
       [ 114.11860863,   26.29558373],
       [ 136.29220993,   83.52963129],
       [  41.5453446 ,  184.95887791],
       [ 106.39319663,   46.58352267],
       [ 122.67601889,  189.84609313],
       [ 155.88984596,   77.08593453]]), array([[  4.10760144e+01,   1.14345236e+02],
       [  1.10765485e+01,   8.41221704e+00],
       [  1.57591918e+01,   4.95204258e+01],
       [  1.80650943e+02,   1.45293605e+02],
       [  9.53066999e+01,   1.49457922e+02],
       [  1.12132286e+02,   1.22141867e+02],
       [  1.80347252e+02,   1.98698267e+02],
       [  8.88214787e+01,   1.05469341e+02],
       [  1.30141023e+02,   6.48679396e+01],
       [  6.72914592e+01,   3.13162988e+01],
       [  2.84185161e+01,   6.17559598e+01],
       [  1.63627813e+01,   7.08449401e+01],
       [  5.79892465e-01,   1.80669178e+02],
       [  5.27635732e+01,   2.52030791e+01],
       [  3.36171414e+01,   6.06791801e+01],
       [  1.65776650e+02,   2.53184720e+01],
       [  1.19096795e+02,   1.94417112e+01],
       [  1.87127602e+02,   4.71033114e+01],
       [  1.39041947e+02,   6.02852871e+00],
       [  4.80167798e+01,   4.26270766e+01],
       [  5.02689242e+01,   7.40108005e+01],
       [  1.87989260e+02,   1.96418907e-01],
       [  4.64656005e+01,   5.00667427e+01],
       [  6.33363871e+01,   1.98438950e+02],
       [  1.04733706e+02,   1.20214187e+02],
       [  8.54008510e+01,   5.32008609e+01],
       [  6.12863247e+01,   1.84536939e+02],
       [  4.29953792e+01,   2.20021320e+01],
       [  9.23676359e+01,   2.06397054e+01],
       [  1.73441424e+02,   3.88967292e-01],
       [  1.35043825e+02,   1.61878575e+02],
       [  1.22802474e+02,   5.13422956e+01],
       [  4.06314711e+01,   1.78717492e+02],
       [  2.25334209e+01,   1.04978725e+01],
       [  1.93730193e+02,   5.93633188e+01],
       [  1.47602868e+02,   1.29007202e+02],
       [  1.33515044e+02,   1.23493556e+01],
       [  1.13426916e+02,   1.91632186e+02],
       [  9.54030775e+01,   5.77096651e+00],
       [  6.77656892e+01,   1.02681345e+01],
       [  1.49785093e+02,   6.93427901e+01],
       [  4.71310281e+01,   8.30496361e+01],
       [  1.57800874e+02,   9.39282031e+01],
       [  1.29570917e+00,   1.70148391e+01],
       [  5.04444951e+01,   1.26653312e+02],
       [  1.90970957e+02,   5.29446812e+01],
       [  4.36016636e+00,   5.63646740e+00],
       [  1.59359013e+02,   1.64151394e+02],
       [  1.29406221e+02,   1.08283158e+02],
       [  7.96453356e+00,   1.68592489e+02],
       [  1.76281085e+02,   1.32142129e+01],
       [  1.10343717e+02,   8.49881965e+01],
       [  7.14592467e+01,   1.60238242e+02],
       [  1.83321147e+02,   1.38014427e+02],
       [  1.82238923e+02,   1.85997802e+02],
       [  1.82874993e+02,   2.40885270e+01],
       [  1.42615217e+02,   1.31151719e+02],
       [  1.46860319e+02,   1.04772075e+02],
       [  1.26734194e+02,   1.93490367e+02],
       [  1.73164121e+02,   1.89229776e+02],
       [  1.23270897e+02,   8.83798305e-01],
       [  4.03647153e+01,   1.77375398e+02],
       [  5.63044409e+01,   1.96484530e+00],
       [  1.85106963e+02,   4.58679525e+01],
       [  1.67206800e+02,   6.11124519e+01],
       [  1.81746991e+02,   1.68938773e+01],
       [  7.99950531e+01,   5.08840436e+01],
       [  1.32339407e+02,   1.27170017e+02],
       [  1.18242082e+02,   1.82834793e+02],
       [  1.24841041e+02,   1.04229980e+01],
       [  4.12335261e+01,   1.56609272e+01],
       [  2.02289420e+01,   1.37638827e+01],
       [  1.00618578e+02,   9.21092897e+01],
       [  2.22733215e+01,   9.38025128e+01],
       [  1.81074393e+02,   9.73722371e+00],
       [  1.55979896e+02,   1.23934867e+02],
       [  6.64869534e+01,   6.19750358e+01],
       [  7.87431874e+01,   1.20816964e+01],
       [  1.47855722e+02,   1.48622913e+02],
       [  6.07149861e+01,   1.17902137e+02],
       [  6.02682185e+01,   5.11965087e+01],
       [  6.85116093e+01,   9.83312533e+01],
       [  1.62898950e+02,   7.29713956e+01],
       [  3.93059074e+00,   1.69702871e+02],
       [  1.70197318e+02,   9.40772133e+01],
       [  1.63698439e+02,   7.01379393e+01],
       [  1.47680369e+02,   6.04682557e+01],
       [  9.30543669e+01,   5.45824103e+01],
       [  2.61821515e+01,   1.61567912e+02],
       [  1.61168766e+01,   3.10816754e+01],
       [  9.48275994e+01,   4.16180873e+01],
       [  1.13898335e+02,   1.43249450e+02],
       [  7.14497188e+01,   1.74406828e+02],
       [  9.85249302e+00,   7.43998661e+01],
       [  1.74014688e+02,   3.79721044e+01],
       [  6.10699353e+01,   8.48288336e+01],
       [  6.04339043e+01,   1.29192570e+02],
       [  1.04503023e+02,   8.44505602e+01],
       [  2.13512268e+01,   1.35369452e+02],
       [  6.42974463e+01,   9.30914772e+01]])], [array([[  81.50623733,  192.4300886 ,    0.9999955 ,    0.2       ]]), array([[ 114.73846495,   21.81318391,    1.00000394,    0.2       ],
       [  17.62076215,   88.55353006,    1.00001999,    0.2       ],
       [ 134.22982446,   30.97777593,    0.99998317,    0.2       ],
       [ 121.82867237,  114.69660933,    0.99998246,    0.2       ],
       [ 106.12144301,   24.32136276,    0.99999623,    0.2       ],
       [ 153.18750983,   73.60116482,    0.99999828,    0.2       ],
       [ 182.56694439,   63.98660139,    0.99999832,    0.2       ],
       [ 128.39405202,  103.49719218,    0.99999383,    0.2       ],
       [  49.96072906,   72.36726865,    0.99999511,    0.2       ],
       [   3.09686682,   29.00280359,    1.00001093,    0.2       ],
       [ 108.27984232,  194.59610166,    0.99999752,    0.2       ],
       [ 179.53391208,   18.56232058,    0.99999548,    0.2       ],
       [ 163.97448521,  117.60367735,    1.00000387,    0.2       ],
       [  43.20355392,  160.07057134,    0.99999782,    0.2       ],
       [  41.81830661,    5.37792434,    0.99999093,    0.2       ],
       [ 143.52558113,  160.97099526,    0.99999506,    0.2       ],
       [ 113.86662175,   89.21491   ,    1.00000841,    0.2       ],
       [ 123.94230999,   11.21374121,    0.99998873,    0.2       ],
       [ 100.0968919 ,   11.57479925,    0.99999335,    0.2       ],
       [  69.81762671,  166.74804787,    1.00001476,    0.2       ],
       [  82.13174008,  191.02011812,    1.00000591,    0.2       ],
       [ 152.88079409,   69.26240833,    1.00000859,    0.2       ],
       [  57.81236488,   79.20372874,    1.00000017,    0.2       ],
       [ 135.48214758,    3.94801297,    0.99998398,    0.2       ],
       [  80.10347741,  170.45106583,    1.00001548,    0.2       ],
       [  92.27072528,   37.26750142,    0.99998241,    0.2       ],
       [ 162.84096548,   29.75917471,    0.99999717,    0.2       ],
       [ 120.78853809,  160.21252505,    1.00001588,    0.2       ],
       [ 108.12714582,  100.43466466,    0.99999869,    0.2       ],
       [  31.43325045,   91.3610337 ,    0.99999919,    0.2       ],
       [  37.14548202,   13.5244797 ,    1.00000168,    0.2       ],
       [ 105.89050131,  126.11493846,    0.99999428,    0.2       ],
       [  98.05042395,  140.36894954,    0.99998908,    0.2       ],
       [ 118.79992144,  127.93968553,    1.00001059,    0.2       ],
       [ 160.49390511,   19.46652337,    0.99999886,    0.2       ],
       [ 195.90930498,  107.78090291,    1.00000967,    0.2       ],
       [ 106.00237563,   24.69178084,    1.00000595,    0.2       ],
       [  67.58526215,    9.9870795 ,    0.99998351,    0.2       ],
       [ 131.92091573,   23.77146845,    0.99999137,    0.2       ],
       [  35.68103739,   44.18020556,    0.99999534,    0.2       ],
       [  96.7632497 ,  138.55404767,    0.9999903 ,    0.2       ],
       [  86.46584569,   84.21416235,    1.00000692,    0.2       ],
       [ 191.83812777,  126.34267754,    0.99999803,    0.2       ],
       [ 176.26899528,   55.47595498,    1.00001929,    0.2       ],
       [  60.55259022,    0.55947855,    1.00000704,    0.2       ],
       [ 136.21585902,  109.80141219,    1.0000085 ,    0.2       ],
       [  50.24045888,   97.76505316,    0.99999426,    0.2       ],
       [  38.66627298,   12.31149969,    0.99999251,    0.2       ],
       [  72.97914804,   48.18410121,    0.99998952,    0.2       ],
       [ 121.11974889,    1.29981259,    0.99998293,    0.2       ],
       [  44.56978046,  118.90524274,    0.9999853 ,    0.2       ],
       [ 189.84341554,   26.79190301,    0.99999102,    0.2       ],
       [ 113.01094959,   22.42061745,    0.99999023,    0.2       ],
       [  99.75939714,  163.29566289,    1.00000869,    0.2       ],
       [ 163.33139411,   66.81752588,    0.99999656,    0.2       ],
       [  26.87459983,  184.5334325 ,    1.00000754,    0.2       ],
       [  29.16079108,   21.93667505,    1.00002138,    0.2       ],
       [ 180.76509945,  108.01145749,    0.99999217,    0.2       ],
       [ 193.61900581,  120.73601032,    1.00000427,    0.2       ],
       [  63.261593  ,   67.13709381,    1.00000892,    0.2       ],
       [   2.58225634,   72.57611772,    0.99996931,    0.2       ],
       [  78.76598923,  147.15551125,    1.00000663,    0.2       ],
       [ 148.03948941,  127.99765859,    1.00000285,    0.2       ],
       [ 180.74539744,  130.79554161,    0.9999982 ,    0.2       ],
       [ 179.51716619,  171.09760352,    1.00000561,    0.2       ],
       [ 189.30633987,  148.47771258,    1.0000066 ,    0.2       ],
       [  11.86610622,  125.2852455 ,    0.99999399,    0.2       ],
       [ 105.85932322,  105.41831219,    1.00000877,    0.2       ],
       [   3.7008962 ,    4.88988594,    1.00000849,    0.2       ],
       [ 121.20554481,  178.24855315,    0.99998493,    0.2       ],
       [ 148.75066647,  151.56486713,    0.99998459,    0.2       ],
       [  27.40659314,  121.58996347,    1.00000423,    0.2       ],
       [ 164.42394949,  156.61974163,    1.0000112 ,    0.2       ],
       [  65.03484698,   79.76297588,    1.00000546,    0.2       ],
       [  74.51482887,  137.71099041,    1.00001164,    0.2       ],
       [  67.05047156,  111.16149294,    0.99998473,    0.2       ],
       [  10.10744796,   34.66170159,    0.99999827,    0.2       ],
       [ 102.78964643,  162.98878333,    0.9999885 ,    0.2       ],
       [  63.35385053,   21.74776313,    0.99999759,    0.2       ],
       [ 138.14883966,  120.21911246,    0.99999847,    0.2       ],
       [  68.09443658,  198.61810732,    1.00000492,    0.2       ],
       [  48.97714814,   54.6333806 ,    1.00000579,    0.2       ],
       [   3.63574788,  109.05804193,    1.0000055 ,    0.2       ],
       [  72.58066034,  195.54176786,    0.99998958,    0.2       ],
       [ 160.43513084,   94.94151299,    1.00000561,    0.2       ],
       [  48.35000006,  130.91910021,    0.99999156,    0.2       ],
       [  75.66711172,   61.27874802,    1.00001426,    0.2       ],
       [ 104.80774812,  105.45331301,    0.99998327,    0.2       ],
       [  43.94221822,  191.30372975,    0.99998525,    0.2       ],
       [  30.83216656,  104.13257947,    0.99999853,    0.2       ],
       [  94.57556653,  144.11800686,    1.00000182,    0.2       ],
       [ 157.46684538,  118.45064464,    1.00001303,    0.2       ],
       [  81.87350561,  123.00925997,    0.99998997,    0.2       ],
       [ 110.87990149,  132.69163967,    0.99999699,    0.2       ],
       [ 114.11860863,   26.29558373,    1.00000497,    0.2       ],
       [ 136.29220993,   83.52963129,    0.99998391,    0.2       ],
       [  41.5453446 ,  184.95887791,    0.99999502,    0.2       ],
       [ 106.39319663,   46.58352267,    1.00000368,    0.2       ],
       [ 122.67601889,  189.84609313,    1.00000746,    0.2       ],
       [ 155.88984596,   77.08593453,    0.99998286,    0.2       ]]), array([[  4.10760144e+01,   1.14345236e+02,   9.99991108e-01,
          2.00000000e-01],
       [  1.10765485e+01,   8.41221704e+00,   1.00000726e+00,
          2.00000000e-01],
       [  1.57591918e+01,   4.95204258e+01,   1.00000334e+00,
          2.00000000e-01],
       [  1.80650943e+02,   1.45293605e+02,   1.00001167e+00,
          2.00000000e-01],
       [  9.53066999e+01,   1.49457922e+02,   1.00002066e+00,
          2.00000000e-01],
       [  1.12132286e+02,   1.22141867e+02,   1.00002085e+00,
          2.00000000e-01],
       [  1.80347252e+02,   1.98698267e+02,   1.00001518e+00,
          2.00000000e-01],
       [  8.88214787e+01,   1.05469341e+02,   1.00001114e+00,
          2.00000000e-01],
       [  1.30141023e+02,   6.48679396e+01,   9.99972316e-01,
          2.00000000e-01],
       [  6.72914592e+01,   3.13162988e+01,   1.00000717e+00,
          2.00000000e-01],
       [  2.84185161e+01,   6.17559598e+01,   1.00000831e+00,
          2.00000000e-01],
       [  1.63627813e+01,   7.08449401e+01,   1.00001179e+00,
          2.00000000e-01],
       [  5.79892465e-01,   1.80669178e+02,   9.99995511e-01,
          2.00000000e-01],
       [  5.27635732e+01,   2.52030791e+01,   9.99986122e-01,
          2.00000000e-01],
       [  3.36171414e+01,   6.06791801e+01,   1.00000139e+00,
          2.00000000e-01],
       [  1.65776650e+02,   2.53184720e+01,   1.00000823e+00,
          2.00000000e-01],
       [  1.19096795e+02,   1.94417112e+01,   9.99987327e-01,
          2.00000000e-01],
       [  1.87127602e+02,   4.71033114e+01,   1.00001060e+00,
          2.00000000e-01],
       [  1.39041947e+02,   6.02852871e+00,   1.00000305e+00,
          2.00000000e-01],
       [  4.80167798e+01,   4.26270766e+01,   9.99992281e-01,
          2.00000000e-01],
       [  5.02689242e+01,   7.40108005e+01,   9.99995172e-01,
          2.00000000e-01],
       [  1.87989260e+02,   1.96418907e-01,   9.99986154e-01,
          2.00000000e-01],
       [  4.64656005e+01,   5.00667427e+01,   1.00000664e+00,
          2.00000000e-01],
       [  6.33363871e+01,   1.98438950e+02,   9.99986091e-01,
          2.00000000e-01],
       [  1.04733706e+02,   1.20214187e+02,   9.99989521e-01,
          2.00000000e-01],
       [  8.54008510e+01,   5.32008609e+01,   1.00000956e+00,
          2.00000000e-01],
       [  6.12863247e+01,   1.84536939e+02,   1.00000936e+00,
          2.00000000e-01],
       [  4.29953792e+01,   2.20021320e+01,   9.99998391e-01,
          2.00000000e-01],
       [  9.23676359e+01,   2.06397054e+01,   1.00000214e+00,
          2.00000000e-01],
       [  1.73441424e+02,   3.88967292e-01,   1.00000050e+00,
          2.00000000e-01],
       [  1.35043825e+02,   1.61878575e+02,   1.00000042e+00,
          2.00000000e-01],
       [  1.22802474e+02,   5.13422956e+01,   1.00001018e+00,
          2.00000000e-01],
       [  4.06314711e+01,   1.78717492e+02,   1.00000480e+00,
          2.00000000e-01],
       [  2.25334209e+01,   1.04978725e+01,   1.00000054e+00,
          2.00000000e-01],
       [  1.93730193e+02,   5.93633188e+01,   1.00000609e+00,
          2.00000000e-01],
       [  1.47602868e+02,   1.29007202e+02,   1.00000501e+00,
          2.00000000e-01],
       [  1.33515044e+02,   1.23493556e+01,   1.00002254e+00,
          2.00000000e-01],
       [  1.13426916e+02,   1.91632186e+02,   1.00000618e+00,
          2.00000000e-01],
       [  9.54030775e+01,   5.77096651e+00,   9.99997045e-01,
          2.00000000e-01],
       [  6.77656892e+01,   1.02681345e+01,   9.99997972e-01,
          2.00000000e-01],
       [  1.49785093e+02,   6.93427901e+01,   1.00001017e+00,
          2.00000000e-01],
       [  4.71310281e+01,   8.30496361e+01,   9.99987166e-01,
          2.00000000e-01],
       [  1.57800874e+02,   9.39282031e+01,   1.00002149e+00,
          2.00000000e-01],
       [  1.29570917e+00,   1.70148391e+01,   1.00002519e+00,
          2.00000000e-01],
       [  5.04444951e+01,   1.26653312e+02,   1.00000464e+00,
          2.00000000e-01],
       [  1.90970957e+02,   5.29446812e+01,   1.00001750e+00,
          2.00000000e-01],
       [  4.36016636e+00,   5.63646740e+00,   1.00000959e+00,
          2.00000000e-01],
       [  1.59359013e+02,   1.64151394e+02,   1.00000904e+00,
          2.00000000e-01],
       [  1.29406221e+02,   1.08283158e+02,   1.00002056e+00,
          2.00000000e-01],
       [  7.96453356e+00,   1.68592489e+02,   1.00001757e+00,
          2.00000000e-01],
       [  1.76281085e+02,   1.32142129e+01,   9.99998358e-01,
          2.00000000e-01],
       [  1.10343717e+02,   8.49881965e+01,   9.99988791e-01,
          2.00000000e-01],
       [  7.14592467e+01,   1.60238242e+02,   9.99994552e-01,
          2.00000000e-01],
       [  1.83321147e+02,   1.38014427e+02,   1.00000217e+00,
          2.00000000e-01],
       [  1.82238923e+02,   1.85997802e+02,   1.00000145e+00,
          2.00000000e-01],
       [  1.82874993e+02,   2.40885270e+01,   1.00000276e+00,
          2.00000000e-01],
       [  1.42615217e+02,   1.31151719e+02,   9.99994922e-01,
          2.00000000e-01],
       [  1.46860319e+02,   1.04772075e+02,   1.00000045e+00,
          2.00000000e-01],
       [  1.26734194e+02,   1.93490367e+02,   1.00000274e+00,
          2.00000000e-01],
       [  1.73164121e+02,   1.89229776e+02,   9.99976185e-01,
          2.00000000e-01],
       [  1.23270897e+02,   8.83798305e-01,   1.00001002e+00,
          2.00000000e-01],
       [  4.03647153e+01,   1.77375398e+02,   9.99998522e-01,
          2.00000000e-01],
       [  5.63044409e+01,   1.96484530e+00,   1.00000311e+00,
          2.00000000e-01],
       [  1.85106963e+02,   4.58679525e+01,   1.00001331e+00,
          2.00000000e-01],
       [  1.67206800e+02,   6.11124519e+01,   1.00002204e+00,
          2.00000000e-01],
       [  1.81746991e+02,   1.68938773e+01,   1.00000829e+00,
          2.00000000e-01],
       [  7.99950531e+01,   5.08840436e+01,   9.99998247e-01,
          2.00000000e-01],
       [  1.32339407e+02,   1.27170017e+02,   9.99997679e-01,
          2.00000000e-01],
       [  1.18242082e+02,   1.82834793e+02,   1.00000718e+00,
          2.00000000e-01],
       [  1.24841041e+02,   1.04229980e+01,   1.00000285e+00,
          2.00000000e-01],
       [  4.12335261e+01,   1.56609272e+01,   9.99991171e-01,
          2.00000000e-01],
       [  2.02289420e+01,   1.37638827e+01,   1.00000189e+00,
          2.00000000e-01],
       [  1.00618578e+02,   9.21092897e+01,   1.00000758e+00,
          2.00000000e-01],
       [  2.22733215e+01,   9.38025128e+01,   9.99977900e-01,
          2.00000000e-01],
       [  1.81074393e+02,   9.73722371e+00,   9.99995618e-01,
          2.00000000e-01],
       [  1.55979896e+02,   1.23934867e+02,   9.99989540e-01,
          2.00000000e-01],
       [  6.64869534e+01,   6.19750358e+01,   9.99982107e-01,
          2.00000000e-01],
       [  7.87431874e+01,   1.20816964e+01,   1.00001636e+00,
          2.00000000e-01],
       [  1.47855722e+02,   1.48622913e+02,   9.99997545e-01,
          2.00000000e-01],
       [  6.07149861e+01,   1.17902137e+02,   9.99984990e-01,
          2.00000000e-01],
       [  6.02682185e+01,   5.11965087e+01,   9.99999065e-01,
          2.00000000e-01],
       [  6.85116093e+01,   9.83312533e+01,   1.00001533e+00,
          2.00000000e-01],
       [  1.62898950e+02,   7.29713956e+01,   1.00002373e+00,
          2.00000000e-01],
       [  3.93059074e+00,   1.69702871e+02,   9.99999482e-01,
          2.00000000e-01],
       [  1.70197318e+02,   9.40772133e+01,   9.99997061e-01,
          2.00000000e-01],
       [  1.63698439e+02,   7.01379393e+01,   9.99990182e-01,
          2.00000000e-01],
       [  1.47680369e+02,   6.04682557e+01,   1.00000546e+00,
          2.00000000e-01],
       [  9.30543669e+01,   5.45824103e+01,   1.00000655e+00,
          2.00000000e-01],
       [  2.61821515e+01,   1.61567912e+02,   9.99994277e-01,
          2.00000000e-01],
       [  1.61168766e+01,   3.10816754e+01,   1.00000703e+00,
          2.00000000e-01],
       [  9.48275994e+01,   4.16180873e+01,   9.99992834e-01,
          2.00000000e-01],
       [  1.13898335e+02,   1.43249450e+02,   1.00001654e+00,
          2.00000000e-01],
       [  7.14497188e+01,   1.74406828e+02,   1.00001259e+00,
          2.00000000e-01],
       [  9.85249302e+00,   7.43998661e+01,   1.00000287e+00,
          2.00000000e-01],
       [  1.74014688e+02,   3.79721044e+01,   1.00000349e+00,
          2.00000000e-01],
       [  6.10699353e+01,   8.48288336e+01,   9.99990699e-01,
          2.00000000e-01],
       [  6.04339043e+01,   1.29192570e+02,   1.00000080e+00,
          2.00000000e-01],
       [  1.04503023e+02,   8.44505602e+01,   9.99987782e-01,
          2.00000000e-01],
       [  2.13512268e+01,   1.35369452e+02,   1.00000489e+00,
          2.00000000e-01],
       [  6.42974463e+01,   9.30914772e+01,   1.00000135e+00,
          2.00000000e-01]])], [0.015999997810156576, 0.0082688760068533439], 2, 20.388283014297485]