[[0.98469043330331152, 0.99999514717252147], [0.85179047493554827, 0.0010495972042678554], [array([[ 34.93420284,  21.57123155],
       [ 14.23600578,   2.88839862],
       [ 32.3963162 ,  44.80161876],
       [  7.67286604,  14.73025392],
       [ 23.28578723,  49.31034962],
       [ 36.61240515,  44.4876924 ],
       [ 49.29843836,  12.54721503],
       [ 48.82696457,  27.15485233],
       [ 23.42054745,  44.41226396],
       [ 35.29407764,   2.22391864]]), array([[ 36.86447269,  13.09971699],
       [ 31.62945392,  16.34643102],
       [ 16.5827184 ,  33.00483004],
       [  7.28557889,  40.15394448],
       [ 35.10512247,  37.18398554],
       [ 14.0866056 ,  21.07348453],
       [ 24.81772008,  12.19674085],
       [ 31.35775057,  17.56384973],
       [ 14.93962652,  35.11831842],
       [  3.5127357 ,  25.82421298]]), array([[ 25.78223403,  20.26663033],
       [ 21.55683008,  40.36614791],
       [ 10.36550358,  16.09418639],
       [ 42.0894339 ,  39.90469524],
       [ 49.63741992,   5.16593334],
       [  4.35720695,  37.18246996],
       [ 21.74527629,  44.47094096],
       [ 38.42631664,  19.11088641],
       [ 11.585305  ,  48.60980082],
       [ 21.17216929,  49.46780139]])], [array([[  3.49342028e+01,   2.15712316e+01,   1.00000297e+00,
          1.00000000e-06],
       [  1.42360058e+01,   2.88839862e+00,   1.00001504e+00,
          1.00000000e-06],
       [  3.23963162e+01,   4.48016188e+01,   9.99985879e-01,
          1.00000000e-06],
       [  7.67286604e+00,   1.47302539e+01,   1.00001207e+00,
          1.00000000e-06],
       [  2.32857872e+01,   4.93103496e+01,   1.00000055e+00,
          1.00000000e-06],
       [  3.66124052e+01,   4.44876924e+01,   1.00000821e+00,
          1.00000000e-06],
       [  4.92984384e+01,   1.25472150e+01,   9.99997773e-01,
          1.00000000e-06],
       [  4.88269646e+01,   2.71548523e+01,   1.00001439e+00,
          1.00000000e-06],
       [  2.34205475e+01,   4.44122640e+01,   9.99990116e-01,
          1.00000000e-06],
       [  3.52940776e+01,   2.22391864e+00,   1.00001575e+00,
          1.00000000e-06]]), array([[  3.68644727e+01,   1.30997170e+01,   1.00000950e+00,
          1.00000000e-06],
       [  3.16294539e+01,   1.63464310e+01,   9.99987304e-01,
          1.00000000e-06],
       [  1.65827184e+01,   3.30048300e+01,   1.00000397e+00,
          1.00000000e-06],
       [  7.28557889e+00,   4.01539445e+01,   1.00000207e+00,
          1.00000000e-06],
       [  3.51051225e+01,   3.71839855e+01,   1.00000979e+00,
          1.00000000e-06],
       [  1.40866056e+01,   2.10734845e+01,   9.99998153e-01,
          1.00000000e-06],
       [  2.48177201e+01,   1.21967408e+01,   9.99998086e-01,
          1.00000000e-06],
       [  3.13577506e+01,   1.75638497e+01,   1.00000704e+00,
          1.00000000e-06],
       [  1.49396265e+01,   3.51183184e+01,   9.99988284e-01,
          1.00000000e-06],
       [  3.51273570e+00,   2.58242130e+01,   9.99975643e-01,
          1.00000000e-06]]), array([[  2.57822340e+01,   2.02666303e+01,   9.99996579e-01,
          1.00000000e-06],
       [  2.15568301e+01,   4.03661479e+01,   1.00001047e+00,
          1.00000000e-06],
       [  1.03655036e+01,   1.60941864e+01,   1.00000807e+00,
          1.00000000e-06],
       [  4.20894339e+01,   3.99046952e+01,   9.99991253e-01,
          1.00000000e-06],
       [  4.96374199e+01,   5.16593334e+00,   9.99993689e-01,
          1.00000000e-06],
       [  4.35720695e+00,   3.71824700e+01,   9.99976546e-01,
          1.00000000e-06],
       [  2.17452763e+01,   4.44709410e+01,   1.00000216e+00,
          1.00000000e-06],
       [  3.84263166e+01,   1.91108864e+01,   9.99991845e-01,
          1.00000000e-06],
       [  1.15853050e+01,   4.86098008e+01,   1.00001350e+00,
          1.00000000e-06],
       [  2.11721693e+01,   4.94678014e+01,   1.00000283e+00,
          1.00000000e-06]])], 2, 33.37455487251282]