[[0.98469043330331152, 1.0000020859172554], [0.85179047493554827, 0.0010497786923845339], [array([[ 25.39777711,  19.65152002],
       [ 44.36267371,  38.14139249],
       [ 11.33410228,  28.16742819],
       [ 24.50475735,   8.13086707],
       [ 34.20504653,  28.09290085],
       [ 13.71156588,   1.91118557],
       [ 23.22502735,  12.6633342 ],
       [ 23.58780624,  49.39222057],
       [ 40.80332127,  28.31855946],
       [ 44.12061378,  35.47327582]]), array([[  0.        ,  49.49494949],
       [ 50.        ,   0.50505051],
       [  0.50505051,  50.        ],
       [ 49.49494949,   0.        ],
       [ 49.49494949,  50.        ],
       [ 50.        ,   0.        ],
       [  0.50505051,   0.        ],
       [ 50.        ,  50.        ],
       [  0.        ,  50.        ],
       [  0.        ,   0.        ]]), array([[ 39.8989899 ,   1.01010101],
       [ 11.11111111,  41.91919192],
       [ 43.93939394,  27.77777778],
       [ 43.93939394,  42.92929293],
       [ 35.35353535,  17.67676768],
       [ 19.6969697 ,  11.61616162],
       [ 12.62626263,  42.42424242],
       [ 45.95959596,  29.7979798 ],
       [ 30.3030303 ,  30.80808081],
       [ 27.77777778,  11.11111111]])], [array([[  2.53977771e+01,   1.96515200e+01,   1.00000429e+00,
          1.00000000e-06],
       [  4.43626737e+01,   3.81413925e+01,   1.00002438e+00,
          1.00000000e-06],
       [  1.13341023e+01,   2.81674282e+01,   9.99993519e-01,
          1.00000000e-06],
       [  2.45047574e+01,   8.13086707e+00,   9.99982176e-01,
          1.00000000e-06],
       [  3.42050465e+01,   2.80929008e+01,   9.99998078e-01,
          1.00000000e-06],
       [  1.37115659e+01,   1.91118557e+00,   1.00000920e+00,
          1.00000000e-06],
       [  2.32250274e+01,   1.26633342e+01,   9.99997663e-01,
          1.00000000e-06],
       [  2.35878062e+01,   4.93922206e+01,   9.99991679e-01,
          1.00000000e-06],
       [  4.08033213e+01,   2.83185595e+01,   1.00000127e+00,
          1.00000000e-06],
       [  4.41206138e+01,   3.54732758e+01,   9.99988322e-01,
          1.00000000e-06]]), array([[  0.00000000e+00,   4.94949495e+01,   1.00001429e+00,
          1.00000000e-06],
       [  5.00000000e+01,   5.05050505e-01,   1.00001325e+00,
          1.00000000e-06],
       [  5.05050505e-01,   5.00000000e+01,   9.99993380e-01,
          1.00000000e-06],
       [  4.94949495e+01,   0.00000000e+00,   1.00001934e+00,
          1.00000000e-06],
       [  4.94949495e+01,   5.00000000e+01,   9.99987725e-01,
          1.00000000e-06],
       [  5.00000000e+01,   0.00000000e+00,   1.00001252e+00,
          1.00000000e-06],
       [  5.05050505e-01,   0.00000000e+00,   9.99998913e-01,
          1.00000000e-06],
       [  5.00000000e+01,   5.00000000e+01,   9.99998849e-01,
          1.00000000e-06],
       [  0.00000000e+00,   5.00000000e+01,   1.00001546e+00,
          1.00000000e-06],
       [  0.00000000e+00,   0.00000000e+00,   9.99995513e-01,
          1.00000000e-06]]), array([[  3.98989899e+01,   1.01010101e+00,   1.00001234e+00,
          1.00000000e-06],
       [  1.11111111e+01,   4.19191919e+01,   1.00001511e+00,
          1.00000000e-06],
       [  4.39393939e+01,   2.77777778e+01,   1.00000298e+00,
          1.00000000e-06],
       [  4.39393939e+01,   4.29292929e+01,   1.00000728e+00,
          1.00000000e-06],
       [  3.53535354e+01,   1.76767677e+01,   1.00000599e+00,
          1.00000000e-06],
       [  1.96969697e+01,   1.16161616e+01,   1.00001084e+00,
          1.00000000e-06],
       [  1.26262626e+01,   4.24242424e+01,   1.00000134e+00,
          1.00000000e-06],
       [  4.59595960e+01,   2.97979798e+01,   9.99996642e-01,
          1.00000000e-06],
       [  3.03030303e+01,   3.08080808e+01,   9.99979283e-01,
          1.00000000e-06],
       [  2.77777778e+01,   1.11111111e+01,   1.00001135e+00,
          1.00000000e-06]])], 2, 38.11732292175293]