[[0.0039838977937997838, 0.004783498424110042, 9.1402065685954579], [13.420117244028317, 13.229086510422386, 3.3133389071743431], [array([[ 46.39800654,  43.23573936],
       [ 24.38479377,  12.98421875],
       [  9.39972096,  21.98478097],
       [  6.8808733 ,  24.23927626],
       [  9.78440779,  36.37877695],
       [  8.23117129,  11.19583267],
       [ 44.25453685,  28.69719973],
       [ 25.31661589,  36.79306284],
       [  5.54218186,  20.64985327],
       [ 33.63585574,  26.45636707]]), array([[ 16.66666667,  12.12121212],
       [ 16.66666667,  16.16161616],
       [ 16.66666667,  20.2020202 ],
       [ 16.66666667,  17.17171717],
       [ 16.66666667,  17.67676768],
       [ 16.66666667,  18.18181818],
       [ 16.66666667,  18.68686869],
       [ 16.66666667,  19.19191919],
       [ 16.66666667,  19.6969697 ],
       [ 24.74747475,  50.        ]]), array([[ 16.66666667,  14.64646465],
       [ 16.66666667,  18.68686869],
       [ 16.66666667,  22.72727273],
       [  0.        ,   2.02020202],
       [  0.        ,   1.51515152],
       [ 16.66666667,  20.70707071],
       [ 16.66666667,  21.21212121],
       [ 16.66666667,  21.71717172],
       [ 16.66666667,  22.22222222],
       [ 25.25252525,   2.52525253]]), array([[ 48.48484848,  48.48484848],
       [ 48.98989899,   1.51515152],
       [  1.01010101,  48.48484848],
       [ 48.48484848,  48.98989899],
       [ 48.98989899,  48.98989899],
       [ 48.98989899,  48.48484848],
       [ 48.48484848,   1.01010101],
       [  1.51515152,  48.98989899],
       [  1.01010101,  48.98989899],
       [ 48.98989899,   1.01010101]])], [array([[  4.63980065e+01,   4.32357394e+01,   1.00000823e+00,
          1.00000000e-06],
       [  2.43847938e+01,   1.29842188e+01,   1.00000146e+00,
          1.00000000e-06],
       [  9.39972096e+00,   2.19847810e+01,   1.00000910e+00,
          1.00000000e-06],
       [  6.88087330e+00,   2.42392763e+01,   9.99988001e-01,
          1.00000000e-06],
       [  9.78440779e+00,   3.63787769e+01,   9.99997891e-01,
          1.00000000e-06],
       [  8.23117129e+00,   1.11958327e+01,   9.99989807e-01,
          1.00000000e-06],
       [  4.42545369e+01,   2.86971997e+01,   9.99997237e-01,
          1.00000000e-06],
       [  2.53166159e+01,   3.67930628e+01,   1.00001118e+00,
          1.00000000e-06],
       [  5.54218186e+00,   2.06498533e+01,   9.99993990e-01,
          1.00000000e-06],
       [  3.36358557e+01,   2.64563671e+01,   1.00000469e+00,
          1.00000000e-06]]), array([[  1.66666667e+01,   1.21212121e+01,   1.00000682e+00,
          1.00000000e-06],
       [  1.66666667e+01,   1.61616162e+01,   9.99991393e-01,
          1.00000000e-06],
       [  1.66666667e+01,   2.02020202e+01,   9.99996806e-01,
          1.00000000e-06],
       [  1.66666667e+01,   1.71717172e+01,   9.99987689e-01,
          1.00000000e-06],
       [  1.66666667e+01,   1.76767677e+01,   1.00000944e+00,
          1.00000000e-06],
       [  1.66666667e+01,   1.81818182e+01,   1.00000378e+00,
          1.00000000e-06],
       [  1.66666667e+01,   1.86868687e+01,   1.00000568e+00,
          1.00000000e-06],
       [  1.66666667e+01,   1.91919192e+01,   1.00001566e+00,
          1.00000000e-06],
       [  1.66666667e+01,   1.96969697e+01,   1.00000029e+00,
          1.00000000e-06],
       [  2.47474747e+01,   5.00000000e+01,   9.99998580e-01,
          1.00000000e-06]]), array([[  1.66666667e+01,   1.46464646e+01,   9.99999328e-01,
          1.00000000e-06],
       [  1.66666667e+01,   1.86868687e+01,   9.99991314e-01,
          1.00000000e-06],
       [  1.66666667e+01,   2.27272727e+01,   1.00001304e+00,
          1.00000000e-06],
       [  0.00000000e+00,   2.02020202e+00,   9.99998824e-01,
          1.00000000e-06],
       [  0.00000000e+00,   1.51515152e+00,   1.00001789e+00,
          1.00000000e-06],
       [  1.66666667e+01,   2.07070707e+01,   9.99995728e-01,
          1.00000000e-06],
       [  1.66666667e+01,   2.12121212e+01,   9.99995481e-01,
          1.00000000e-06],
       [  1.66666667e+01,   2.17171717e+01,   1.00001378e+00,
          1.00000000e-06],
       [  1.66666667e+01,   2.22222222e+01,   1.00001835e+00,
          1.00000000e-06],
       [  2.52525253e+01,   2.52525253e+00,   9.99986014e-01,
          1.00000000e-06]]), array([[  4.84848485e+01,   4.84848485e+01,   9.99988135e-01,
          1.00000000e-06],
       [  4.89898990e+01,   1.51515152e+00,   9.99995915e-01,
          1.00000000e-06],
       [  1.01010101e+00,   4.84848485e+01,   1.00001552e+00,
          1.00000000e-06],
       [  4.84848485e+01,   4.89898990e+01,   1.00001796e+00,
          1.00000000e-06],
       [  4.89898990e+01,   4.89898990e+01,   9.99990999e-01,
          1.00000000e-06],
       [  4.89898990e+01,   4.84848485e+01,   1.00000350e+00,
          1.00000000e-06],
       [  4.84848485e+01,   1.01010101e+00,   1.00000804e+00,
          1.00000000e-06],
       [  1.51515152e+00,   4.89898990e+01,   1.00001004e+00,
          1.00000000e-06],
       [  1.01010101e+00,   4.89898990e+01,   9.99988696e-01,
          1.00000000e-06],
       [  4.89898990e+01,   1.01010101e+00,   9.99999032e-01,
          1.00000000e-06]])], 3, 47.346683979034424]