[[5.0076952829054857, 5.892776412790961, 0.00049925767815501882], [0.031620505846170648, 0.41969619075347075, 6.2359373807508351], [array([[ 164.71975195,   48.34539456]]), array([[ 152.96150676,  173.82889273],
       [  20.27205075,   31.63753066],
       [  83.33855555,  164.53720555],
       [ 147.85414519,   40.14810254],
       [ 139.99349705,  115.51312123],
       [  90.11538466,   59.70293825],
       [ 178.84742658,  104.70110567],
       [  62.85483541,   35.05595606],
       [ 130.10383056,  177.48639993],
       [  76.07881664,   22.32530962],
       [  43.05959214,  102.54102442],
       [  38.88235387,  111.22833806],
       [  52.7437619 ,   79.45484293],
       [  60.74444588,  189.9445923 ],
       [ 140.57030338,   88.2335852 ],
       [ 193.72075225,   91.14536202],
       [  91.33608009,   11.36105133],
       [  75.59188204,  163.72858528],
       [   0.33614451,  160.52855511],
       [  27.53344207,   48.42962104],
       [ 132.40637305,  130.22590417],
       [ 170.66132006,  185.45651874],
       [   8.68626681,   19.64269101],
       [ 173.34153841,  146.9416078 ],
       [ 116.11039027,    4.76516724],
       [ 112.86054325,   55.33688645],
       [  77.34268846,  121.44694963],
       [ 173.37232052,   27.19952048],
       [ 177.53840221,  122.09056705],
       [  85.83892525,  107.15592542],
       [ 137.17199552,  131.40435466],
       [  91.52214673,  123.73622077],
       [ 112.63004226,   79.32969324],
       [ 127.81180419,  132.58102143],
       [  65.61731379,   14.33278861],
       [  79.02715449,   90.87350081],
       [   7.19635863,   34.39448701],
       [  94.62957123,   52.91227316],
       [  33.89872764,   28.07846495],
       [ 122.95953738,    8.63454578],
       [ 114.74332836,   13.58733383],
       [ 166.77658762,   51.58930872],
       [  79.40110911,   57.74936198],
       [  38.65825474,   70.0574666 ],
       [  55.67974504,  162.12529181],
       [ 158.95313603,   79.69292434],
       [ 177.76977494,   18.34703097],
       [  86.97095274,  127.23154626],
       [  56.34704219,   65.70112521],
       [ 192.37764049,   53.16865344],
       [ 128.87223556,  121.9427431 ],
       [ 172.81619281,  117.64660375],
       [  16.07356066,  169.03858186],
       [ 118.49199965,   42.17927395],
       [  13.42532488,  190.90481873],
       [ 161.07279347,  195.84966403],
       [ 176.11857908,  192.12187536],
       [ 123.67848266,   96.52723438],
       [ 144.40105048,   42.74902731],
       [ 120.41655738,  193.80234557],
       [ 129.26764649,   36.60006253],
       [  92.76806524,  192.12694704],
       [ 143.47628377,  176.60346471],
       [ 102.68077954,   66.3344116 ],
       [  22.54693802,  162.0400198 ],
       [ 160.48774839,   90.58036223],
       [ 132.28698059,  103.85092431],
       [  14.38027983,  128.14684757],
       [ 163.15559102,  108.0618196 ],
       [  90.20672175,  144.46624004],
       [  10.27244933,   35.85894067],
       [  88.08969555,   86.09360723],
       [  77.84650166,   63.59041459],
       [  12.8675496 ,  179.88327986],
       [ 112.56285727,  169.72697925],
       [  85.7759717 ,  157.98113114],
       [ 136.58029151,   89.89800218],
       [ 137.01428132,  168.83439866],
       [  37.99916525,  149.83856161],
       [  18.94396382,    4.31074916],
       [  16.16276181,   61.64577547],
       [ 194.92699116,   62.37927306],
       [  10.88545006,   25.98703065],
       [  23.737977  ,   38.58557757],
       [  65.33956896,   93.07709322],
       [ 195.45326077,   99.28866322],
       [ 195.93632339,  113.99526711],
       [  90.82449374,   25.49117515],
       [  31.512194  ,   84.32581422],
       [ 102.57025918,   51.74986496],
       [   6.43186054,   73.68799704],
       [  15.39300968,  143.40855401],
       [ 160.02443862,   37.34264982],
       [  42.90595936,   52.99980802],
       [  33.01523637,   97.61235426],
       [  80.75438919,   12.36049389],
       [  54.47266254,   47.14167519],
       [ 146.57441575,   11.17516048],
       [  61.56997297,   45.54398254],
       [  47.07264197,   76.07881744]]), array([[ 100.46780343,  166.35803094],
       [ 154.71828826,  129.66899606],
       [  67.81823417,  162.22328977],
       [ 155.51356972,  154.10183763],
       [  22.45223972,   34.54257443],
       [  83.81963134,   29.3669144 ],
       [ 125.09747032,  121.85146013],
       [  69.44253457,    6.17158883],
       [  28.53908361,  175.22712725],
       [   4.52587321,  191.042178  ],
       [  63.00617485,   40.94517798],
       [ 170.05377575,    0.64623121],
       [ 165.23199982,  128.29931277],
       [ 189.89081777,   62.72515767],
       [  52.38756609,   34.36966804],
       [  53.09719782,   49.68882178],
       [  59.11317253,  159.726045  ],
       [ 166.20870501,  162.36828469],
       [ 180.57454188,   22.79861969],
       [ 178.747659  ,  120.19894307],
       [  31.66348584,   22.46214464],
       [ 173.56138763,  186.55727632],
       [ 142.40052416,   78.78544024],
       [ 161.06067593,   34.57614482],
       [   3.72551464,  163.01227958],
       [ 177.13608093,  162.36704589],
       [  16.39319558,   31.13184068],
       [  54.7015649 ,  161.01691538],
       [  76.69982948,  147.93493689],
       [ 129.46981217,  157.15442783],
       [ 136.26185967,   58.71268754],
       [ 155.6511041 ,   80.30980071],
       [ 138.77790592,   82.60397068],
       [  86.0611824 ,   81.30597864],
       [  36.29700915,   39.19530222],
       [ 132.92809719,  137.33638462],
       [  28.08070889,   32.27295232],
       [  28.27104844,  195.01955541],
       [ 143.82577408,  100.22527625],
       [ 117.12751239,  138.43362976],
       [   1.80003526,   94.76058634],
       [ 137.52120594,  129.10542532],
       [ 121.02757214,  107.38637342],
       [ 121.31994315,   14.34394142],
       [   9.34240634,   81.17193601],
       [ 157.41441035,   28.99233776],
       [  64.69476111,  171.84976199],
       [  23.43303092,   51.23791945],
       [  21.4161894 ,  172.9233485 ],
       [ 119.25291513,  187.42416897],
       [ 191.71752797,  194.444226  ],
       [  73.29622023,  120.40989598],
       [  93.76077306,   68.30429953],
       [  22.78896061,  122.90664082],
       [ 103.85623317,   70.26949807],
       [  99.62799379,   44.17894472],
       [  49.74105111,  112.91162453],
       [  99.95529833,  112.49042413],
       [  67.92589619,  191.83375604],
       [  74.3914559 ,  137.99674478],
       [  21.47494283,  135.64204641],
       [ 178.81583856,  135.10772315],
       [  44.21115432,   44.93138803],
       [  52.30019641,   10.95920867],
       [  76.1650679 ,   73.72239299],
       [ 193.53540876,   52.36172136],
       [ 178.02663578,  122.11848778],
       [ 131.71734763,   37.7526189 ],
       [ 152.92732132,  198.25033289],
       [ 119.30790435,   73.69457477],
       [  62.49704378,   65.23805639],
       [ 176.10437462,  185.52612827],
       [  39.8126691 ,  157.73969   ],
       [ 169.92480058,  167.79353819],
       [ 196.02059834,   73.32191453],
       [ 155.786741  ,   21.15511404],
       [  64.69552512,  113.76308809],
       [ 180.5817386 ,   53.85346612],
       [ 154.97815488,  147.88227864],
       [  68.37538364,  186.29301751],
       [  81.20642317,  143.99265514],
       [ 162.48340477,   60.21598589],
       [  43.53823882,  140.23380088],
       [ 155.76144764,  175.02760684],
       [  90.58010232,  106.2326439 ],
       [ 185.43407022,  111.38220002],
       [  33.49917555,   84.60622839],
       [  92.48759285,   95.29476401],
       [  16.72361451,   41.48320825],
       [ 162.55258069,   17.05109176],
       [ 180.24895339,   44.31167529],
       [ 185.83428214,  159.0635405 ],
       [  96.00669917,  194.23995925],
       [ 186.0584351 ,   80.3694515 ],
       [ 140.06652278,  155.74399916],
       [ 126.00990099,  132.06670409],
       [  61.37546635,   60.1971271 ],
       [  59.89251004,  102.53539064],
       [ 167.8051627 ,  154.35518262],
       [ 106.54741266,  156.11347347]])], [array([[ 164.71975195,   48.34539456,   11.50344076,    0.2       ]]), array([[ 152.96150676,  173.82889273,    5.00002208,    0.2       ],
       [  20.27205075,   31.63753066,    5.00002817,    0.2       ],
       [  83.33855555,  164.53720555,    5.75421298,    0.2       ],
       [ 147.85414519,   40.14810254,    7.33030391,    0.2       ],
       [ 139.99349705,  115.51312123,    5.11470725,    0.2       ],
       [  90.11538466,   59.70293825,    5.01320488,    0.2       ],
       [ 178.84742658,  104.70110567,    5.55061223,    0.2       ],
       [  62.85483541,   35.05595606,    5.00001143,    0.2       ],
       [ 130.10383056,  177.48639993,    5.00002605,    0.2       ],
       [  76.07881664,   22.32530962,    5.00001657,    0.2       ],
       [  43.05959214,  102.54102442,    5.20618466,    0.2       ],
       [  38.88235387,  111.22833806,    5.96793398,    0.2       ],
       [  52.7437619 ,   79.45484293,    5.00492022,    0.2       ],
       [  60.74444588,  189.9445923 ,    5.1338809 ,    0.2       ],
       [ 140.57030338,   88.2335852 ,    9.84127953,    0.2       ],
       [ 193.72075225,   91.14536202,    5.95905096,    0.2       ],
       [  91.33608009,   11.36105133,    4.99999717,    0.2       ],
       [  75.59188204,  163.72858528,    7.0572908 ,    0.2       ],
       [   0.33614451,  160.52855511,    4.99982541,    0.2       ],
       [  27.53344207,   48.42962104,    5.00026001,    0.2       ],
       [ 132.40637305,  130.22590417,    5.03109568,    0.2       ],
       [ 170.66132006,  185.45651874,    4.99999634,    0.2       ],
       [   8.68626681,   19.64269101,    5.00000485,    0.2       ],
       [ 173.34153841,  146.9416078 ,    5.00079866,    0.2       ],
       [ 116.11039027,    4.76516724,    5.00035938,    0.2       ],
       [ 112.86054325,   55.33688645,    5.42156072,    0.2       ],
       [  77.34268846,  121.44694963,   13.89228733,    0.2       ],
       [ 173.37232052,   27.19952048,    5.22033037,    0.2       ],
       [ 177.53840221,  122.09056705,    5.04132528,    0.2       ],
       [  85.83892525,  107.15592542,   10.02634261,    0.2       ],
       [ 137.17199552,  131.40435466,    5.01370776,    0.2       ],
       [  91.52214673,  123.73622077,   20.09798232,    0.2       ],
       [ 112.63004226,   79.32969324,   12.75589258,    0.2       ],
       [ 127.81180419,  132.58102143,    5.04217211,    0.2       ],
       [  65.61731379,   14.33278861,    4.99999933,    0.2       ],
       [  79.02715449,   90.87350081,    5.22612578,    0.2       ],
       [   7.19635863,   34.39448701,    5.00002947,    0.2       ],
       [  94.62957123,   52.91227316,    5.01072597,    0.2       ],
       [  33.89872764,   28.07846495,    5.00002349,    0.2       ],
       [ 122.95953738,    8.63454578,    5.00208706,    0.2       ],
       [ 114.74332836,   13.58733383,    5.00110624,    0.2       ],
       [ 166.77658762,   51.58930872,   13.4912978 ,    0.2       ],
       [  79.40110911,   57.74936198,    5.0017658 ,    0.2       ],
       [  38.65825474,   70.0574666 ,    5.00214722,    0.2       ],
       [  55.67974504,  162.12529181,   11.86476298,    0.2       ],
       [ 158.95313603,   79.69292434,   12.02934123,    0.2       ],
       [ 177.76977494,   18.34703097,    5.03477342,    0.2       ],
       [  86.97095274,  127.23154626,   20.48061832,    0.2       ],
       [  56.34704219,   65.70112521,    5.00059099,    0.2       ],
       [ 192.37764049,   53.16865344,    5.2887745 ,    0.2       ],
       [ 128.87223556,  121.9427431 ,    5.18598342,    0.2       ],
       [ 172.81619281,  117.64660375,    5.06262625,    0.2       ],
       [  16.07356066,  169.03858186,    5.12076669,    0.2       ],
       [ 118.49199965,   42.17927395,    5.15249789,    0.2       ],
       [  13.42532488,  190.90481873,    5.00262292,    0.2       ],
       [ 161.07279347,  195.84966403,    5.0000204 ,    0.2       ],
       [ 176.11857908,  192.12187536,    5.00000591,    0.2       ],
       [ 123.67848266,   96.52723438,   13.98246174,    0.2       ],
       [ 144.40105048,   42.74902731,    7.79613969,    0.2       ],
       [ 120.41655738,  193.80234557,    5.00000703,    0.2       ],
       [ 129.26764649,   36.60006253,    5.31433127,    0.2       ],
       [  92.76806524,  192.12694704,    5.00302515,    0.2       ],
       [ 143.47628377,  176.60346471,    5.0000226 ,    0.2       ],
       [ 102.68077954,   66.3344116 ,    5.35437395,    0.2       ],
       [  22.54693802,  162.0400198 ,    6.02091709,    0.2       ],
       [ 160.48774839,   90.58036223,    6.81602412,    0.2       ],
       [ 132.28698059,  103.85092431,    6.49939376,    0.2       ],
       [  14.38027983,  128.14684757,   11.09158497,    0.2       ],
       [ 163.15559102,  108.0618196 ,    5.15244849,    0.2       ],
       [  90.20672175,  144.46624004,    9.12518791,    0.2       ],
       [  10.27244933,   35.85894067,    5.00006047,    0.2       ],
       [  88.08969555,   86.09360723,    5.44746953,    0.2       ],
       [  77.84650166,   63.59041459,    5.0031058 ,    0.2       ],
       [  12.8675496 ,  179.88327986,    5.01147514,    0.2       ],
       [ 112.56285727,  169.72697925,    5.00244669,    0.2       ],
       [  85.7759717 ,  157.98113114,    6.3295032 ,    0.2       ],
       [ 136.58029151,   89.89800218,   10.37835345,    0.2       ],
       [ 137.01428132,  168.83439866,    5.00004918,    0.2       ],
       [  37.99916525,  149.83856161,   18.83595401,    0.2       ],
       [  18.94396382,    4.31074916,    5.00001534,    0.2       ],
       [  16.16276181,   61.64577547,    5.00318195,    0.2       ],
       [ 194.92699116,   62.37927306,    5.32035253,    0.2       ],
       [  10.88545006,   25.98703065,    5.00002435,    0.2       ],
       [  23.737977  ,   38.58557757,    5.00007356,    0.2       ],
       [  65.33956896,   93.07709322,    5.05999412,    0.2       ],
       [ 195.45326077,   99.28866322,    5.35938861,    0.2       ],
       [ 195.93632339,  113.99526711,    5.05353677,    0.2       ],
       [  90.82449374,   25.49117515,    5.00008756,    0.2       ],
       [  31.512194  ,   84.32581422,    5.03697924,    0.2       ],
       [ 102.57025918,   51.74986496,    5.04174683,    0.2       ],
       [   6.43186054,   73.68799704,    5.01327912,    0.2       ],
       [  15.39300968,  143.40855401,    8.14273635,    0.2       ],
       [ 160.02443862,   37.34264982,    6.88013791,    0.2       ],
       [  42.90595936,   52.99980802,    5.00011319,    0.2       ],
       [  33.01523637,   97.61235426,    5.2374921 ,    0.2       ],
       [  80.75438919,   12.36049389,    5.00000311,    0.2       ],
       [  54.47266254,   47.14167519,    5.00002992,    0.2       ],
       [ 146.57441575,   11.17516048,    5.0322549 ,    0.2       ],
       [  61.56997297,   45.54398254,    5.00003561,    0.2       ],
       [  47.07264197,   76.07881744,    5.00320677,    0.2       ]]), array([[ 100.46780343,  166.35803094,    5.03970853,    0.2       ],
       [ 154.71828826,  129.66899606,    5.00536211,    0.2       ],
       [  67.81823417,  162.22328977,    9.47770553,    0.2       ],
       [ 155.51356972,  154.10183763,    5.00012952,    0.2       ],
       [  22.45223972,   34.54257443,    5.00004816,    0.2       ],
       [  83.81963134,   29.3669144 ,    5.00005157,    0.2       ],
       [ 125.09747032,  121.85146013,    5.34638871,    0.2       ],
       [  69.44253457,    6.17158883,    4.99999647,    0.2       ],
       [  28.53908361,  175.22712725,    5.33799625,    0.2       ],
       [   4.52587321,  191.042178  ,    5.0001008 ,    0.2       ],
       [  63.00617485,   40.94517798,    5.00001872,    0.2       ],
       [ 170.05377575,    0.64623121,    5.00427349,    0.2       ],
       [ 165.23199982,  128.29931277,    5.00808629,    0.2       ],
       [ 189.89081777,   62.72515767,    6.66324666,    0.2       ],
       [  52.38756609,   34.36966804,    5.00000269,    0.2       ],
       [  53.09719782,   49.68882178,    5.00005525,    0.2       ],
       [  59.11317253,  159.726045  ,   13.21637621,    0.2       ],
       [ 166.20870501,  162.36828469,    5.00005902,    0.2       ],
       [ 180.57454188,   22.79861969,    5.04414756,    0.2       ],
       [ 178.747659  ,  120.19894307,    5.05689828,    0.2       ],
       [  31.66348584,   22.46214464,    4.99998974,    0.2       ],
       [ 173.56138763,  186.55727632,    4.99999621,    0.2       ],
       [ 142.40052416,   78.78544024,   15.91970298,    0.2       ],
       [ 161.06067593,   34.57614482,    6.26289908,    0.2       ],
       [   3.72551464,  163.01227958,    5.00372909,    0.2       ],
       [ 177.13608093,  162.36704589,    5.00008158,    0.2       ],
       [  16.39319558,   31.13184068,    5.00002625,    0.2       ],
       [  54.7015649 ,  161.01691538,   12.71788836,    0.2       ],
       [  76.69982948,  147.93493689,   15.24162392,    0.2       ],
       [ 129.46981217,  157.15442783,    5.00080858,    0.2       ],
       [ 136.26185967,   58.71268754,   14.90116408,    0.2       ],
       [ 155.6511041 ,   80.30980071,   11.51882431,    0.2       ],
       [ 138.77790592,   82.60397068,   14.56528269,    0.2       ],
       [  86.0611824 ,   81.30597864,    5.1636793 ,    0.2       ],
       [  36.29700915,   39.19530222,    5.00002798,    0.2       ],
       [ 132.92809719,  137.33638462,    5.00959693,    0.2       ],
       [  28.08070889,   32.27295232,    5.00001801,    0.2       ],
       [  28.27104844,  195.01955541,    5.01690654,    0.2       ],
       [ 143.82577408,  100.22527625,    5.78822306,    0.2       ],
       [ 117.12751239,  138.43362976,    5.11566809,    0.2       ],
       [   1.80003526,   94.76058634,    5.12734685,    0.2       ],
       [ 137.52120594,  129.10542532,    5.01880238,    0.2       ],
       [ 121.02757214,  107.38637342,    9.2480721 ,    0.2       ],
       [ 121.31994315,   14.34394142,    5.00380407,    0.2       ],
       [   9.34240634,   81.17193601,    5.0495292 ,    0.2       ],
       [ 157.41441035,   28.99233776,    5.59192972,    0.2       ],
       [  64.69476111,  171.84976199,    6.55219162,    0.2       ],
       [  23.43303092,   51.23791945,    5.00056566,    0.2       ],
       [  21.4161894 ,  172.9233485 ,    5.17478998,    0.2       ],
       [ 119.25291513,  187.42416897,    5.00005665,    0.2       ],
       [ 191.71752797,  194.444226  ,    4.99999064,    0.2       ],
       [  73.29622023,  120.40989598,   10.99121334,    0.2       ],
       [  93.76077306,   68.30429953,    5.08818148,    0.2       ],
       [  22.78896061,  122.90664082,   14.82744705,    0.2       ],
       [ 103.85623317,   70.26949807,    5.79155063,    0.2       ],
       [  99.62799379,   44.17894472,    5.00736012,    0.2       ],
       [  49.74105111,  112.91162453,    5.70864033,    0.2       ],
       [  99.95529833,  112.49042413,   20.19258208,    0.2       ],
       [  67.92589619,  191.83375604,    5.06732593,    0.2       ],
       [  74.3914559 ,  137.99674478,   21.46521565,    0.2       ],
       [  21.47494283,  135.64204641,   16.12318737,    0.2       ],
       [ 178.81583856,  135.10772315,    5.00559198,    0.2       ],
       [  44.21115432,   44.93138803,    5.00005287,    0.2       ],
       [  52.30019641,   10.95920867,    5.00000449,    0.2       ],
       [  76.1650679 ,   73.72239299,    5.01160302,    0.2       ],
       [ 193.53540876,   52.36172136,    5.16968473,    0.2       ],
       [ 178.02663578,  122.11848778,    5.04181984,    0.2       ],
       [ 131.71734763,   37.7526189 ,    5.49500502,    0.2       ],
       [ 152.92732132,  198.25033289,    4.99999892,    0.2       ],
       [ 119.30790435,   73.69457477,   14.21377147,    0.2       ],
       [  62.49704378,   65.23805639,    5.00073999,    0.2       ],
       [ 176.10437462,  185.52612827,    4.99998275,    0.2       ],
       [  39.8126691 ,  157.73969   ,   13.22332917,    0.2       ],
       [ 169.92480058,  167.79353819,    5.00004014,    0.2       ],
       [ 196.02059834,   73.32191453,    5.57614989,    0.2       ],
       [ 155.786741  ,   21.15511404,    5.17515487,    0.2       ],
       [  64.69552512,  113.76308809,    6.21029971,    0.2       ],
       [ 180.5817386 ,   53.85346612,    8.63581784,    0.2       ],
       [ 154.97815488,  147.88227864,    5.00035305,    0.2       ],
       [  68.37538364,  186.29301751,    5.14729788,    0.2       ],
       [  81.20642317,  143.99265514,   15.31544137,    0.2       ],
       [ 162.48340477,   60.21598589,   21.18974161,    0.2       ],
       [  43.53823882,  140.23380088,   20.94399954,    0.2       ],
       [ 155.76144764,  175.02760684,    4.99999852,    0.2       ],
       [  90.58010232,  106.2326439 ,   12.57242212,    0.2       ],
       [ 185.43407022,  111.38220002,    5.17814738,    0.2       ],
       [  33.49917555,   84.60622839,    5.03118308,    0.2       ],
       [  92.48759285,   95.29476401,    8.24574663,    0.2       ],
       [  16.72361451,   41.48320825,    5.0001501 ,    0.2       ],
       [ 162.55258069,   17.05109176,    5.08917425,    0.2       ],
       [ 180.24895339,   44.31167529,    6.09223011,    0.2       ],
       [ 185.83428214,  159.0635405 ,    5.00014234,    0.2       ],
       [  96.00669917,  194.23995925,    5.00126478,    0.2       ],
       [ 186.0584351 ,   80.3694515 ,   10.08545974,    0.2       ],
       [ 140.06652278,  155.74399916,    5.00027477,    0.2       ],
       [ 126.00990099,  132.06670409,    5.06205918,    0.2       ],
       [  61.37546635,   60.1971271 ,    5.00036414,    0.2       ],
       [  59.89251004,  102.53539064,    5.18744779,    0.2       ],
       [ 167.8051627 ,  154.35518262,    5.00019489,    0.2       ],
       [ 106.54741266,  156.11347347,    5.05284601,    0.2       ]])], [4.8438541838281015, 3.5397097902397676], 2, 17.140486001968384]