[[array([[ 123.84854515],
       [ 138.72677575],
       [ 155.07579116],
       ..., 
       [ 650.50913835],
       [ 649.1947965 ],
       [ 646.75730934]]), array([[ 7112.43986688],
       [ 7118.29069626],
       [ 7109.24943687],
       ..., 
       [  650.50992425],
       [  649.19538839],
       [  646.75772695]]), array([[ 7112.43989627],
       [ 7118.7830806 ],
       [ 7110.28171862],
       ..., 
       [  650.51436335],
       [  649.19872752],
       [  646.76007644]]), array([[ 7112.43989629],
       [ 7118.78291205],
       [ 7110.28123383],
       ..., 
       [ 5384.47823117],
       [ 5180.12912385],
       [ 4973.10920319]]), array([[ 7112.43990799],
       [ 7119.23573479],
       [ 7111.24282213],
       ..., 
       [ 5394.86508277],
       [ 5190.32142159],
       [ 4983.06755069]]), array([[ 7112.44225734],
       [ 7118.19804259],
       [ 7109.06491362],
       ..., 
       [ 5394.8500261 ],
       [ 5190.30646647],
       [ 4983.05277372]]), array([[ 7112.44225669],
       [ 7118.19113915],
       [ 7109.05673289],
       ..., 
       [ 5035.72171178],
       [ 4839.73722641],
       [ 4642.37276434]]), array([[ 7112.44225603],
       [ 7118.15127412],
       [ 7108.97141532],
       ..., 
       [ 5054.75000996],
       [ 4859.319678  ],
       [ 4662.43653811]]), array([[ 7112.44497242],
       [ 7191.86161932],
       [ 7262.53455069],
       ..., 
       [ 5056.94119053],
       [ 4861.46397774],
       [ 4664.52548659]]), array([[ 7112.44497076],
       [ 7191.81752156],
       [ 7262.44323295],
       ..., 
       [ 7650.88750777],
       [ 7556.48196081],
       [ 7450.63211981]])], [array([[ 0.54742288],
       [ 0.54735258],
       [ 0.54726851],
       ..., 
       [ 0.54411355],
       [ 0.54409197],
       [ 0.54408726]]), array([[ 0.00331678],
       [ 0.0266027 ],
       [ 0.05278546],
       ..., 
       [ 0.54411355],
       [ 0.54409197],
       [ 0.54408726]]), array([[ 0.00331678],
       [ 0.02660266],
       [ 0.05278539],
       ..., 
       [ 0.54411355],
       [ 0.54409197],
       [ 0.54408726]]), array([[ 0.00331678],
       [ 0.02660266],
       [ 0.05278539],
       ..., 
       [ 0.39754896],
       [ 0.4118329 ],
       [ 0.42515951]]), array([[ 0.00331678],
       [ 0.02660265],
       [ 0.05278535],
       ..., 
       [ 0.39754834],
       [ 0.41183232],
       [ 0.42515897]]), array([[ 0.00331678],
       [ 0.02660236],
       [ 0.05278471],
       ..., 
       [ 0.39754834],
       [ 0.41183232],
       [ 0.42515897]]), array([[ 0.00331678],
       [ 0.02660236],
       [ 0.05278471],
       ..., 
       [ 0.39503732],
       [ 0.40952338],
       [ 0.42304749]]), array([[ 0.00331678],
       [ 0.02660236],
       [ 0.05278471],
       ..., 
       [ 0.39503217],
       [ 0.40951812],
       [ 0.42304214]]), array([[ 0.00331678],
       [ 0.02468374],
       [ 0.04857108],
       ..., 
       [ 0.39503206],
       [ 0.40951801],
       [ 0.42304204]]), array([[ 0.00331678],
       [ 0.02468374],
       [ 0.04857108],
       ..., 
       [ 0.0305067 ],
       [ 0.01617181],
       [ 0.00331678]])], [array([[ 9410.51330017],
       [ 9395.63506254],
       [ 9379.28603873],
       ..., 
       [ 8883.85237604],
       [ 8885.16671573],
       [ 8887.60420242]]), array([[ 2361.00421486],
       [ 2355.15571407],
       [ 2364.19959174],
       ..., 
       [ 8822.98823717],
       [ 8824.30277087],
       [ 8826.74043184]]), array([[ 2342.58756997],
       [ 2336.24671422],
       [ 2344.75069447],
       ..., 
       [ 8804.56718256],
       [ 8805.88281623],
       [ 8808.32146684]]), array([[ 2342.56177151],
       [ 2336.22108433],
       [ 2344.72538083],
       ..., 
       [ 4070.56285985],
       [ 4274.91339556],
       [ 4481.93464888]]), array([[ 2172.4317652 ],
       [ 2165.63826699],
       [ 2173.63379792],
       ..., 
       [ 3890.04601357],
       [ 4094.59110315],
       [ 4301.84630672]]), array([[ 2082.04494172],
       [ 2076.29148503],
       [ 2085.42723224],
       ..., 
       [ 3799.67659612],
       [ 4004.22158414],
       [ 4211.47660955]]), array([[ 2098.86445373],
       [ 2093.11789983],
       [ 2102.25492433],
       ..., 
       [ 4175.62417071],
       [ 4371.61010468],
       [ 4568.97591916]]), array([[ 2156.71849118],
       [ 2151.01180164],
       [ 2160.19427867],
       ..., 
       [ 4214.44990879],
       [ 4409.88168934],
       [ 4606.76618163]]), array([[ 2149.28057851],
       [ 2069.8660683 ],
       [ 1999.19552567],
       ..., 
       [ 4204.82353193],
       [ 4400.3021933 ],
       [ 4597.24203687]]), array([[ 2149.85956494],
       [ 2070.48915084],
       [ 1999.86582819],
       ..., 
       [ 1611.41974693],
       [ 1705.8238604 ],
       [ 1811.67241589]])], [array([[  1.78066500e-02,   1.26728781e-02,   7.44988063e+03],
       [  7.58923266e-03,   2.10528692e-02,   8.76698437e+03],
       [  1.70533788e-02,   2.63925386e-02,   8.68586198e+03],
       [  5.93287215e-03,   1.90769117e-02,   8.75647820e+03],
       [  1.16694559e-02,   4.04797955e-02,   7.69742462e+03],
       [  1.65247720e-03,   5.58294560e-02,   8.34626666e+03],
       [  1.78337993e-02,   3.15514324e-02,   8.46283181e+03],
       [  1.03559978e-02,   5.76722352e-02,   7.89901351e+03],
       [  2.17950046e-02,   1.44039032e-02,   7.90020906e+03],
       [  8.98509334e-03,   1.33415716e-02,   7.88920857e+03]]), array([[  1.78066500e-02,   1.26728781e-02,   7.44988063e+03],
       [  7.58923266e-03,   2.10528692e-02,   8.76698437e+03],
       [  1.70533788e-02,   2.63925386e-02,   8.68586198e+03],
       [  5.93287215e-03,   1.90769117e-02,   8.75647820e+03],
       [  1.16694559e-02,   4.04797955e-02,   7.69742462e+03],
       [  1.65247720e-03,   5.58294560e-02,   8.34626666e+03],
       [  1.78337993e-02,   3.15514324e-02,   8.46283181e+03],
       [  1.03559978e-02,   5.76722352e-02,   7.89901351e+03],
       [  2.17950046e-02,   1.44039032e-02,   7.90020906e+03],
       [  8.98509334e-03,   1.33415716e-02,   7.88920857e+03],
       [  0.00000000e+00,   0.00000000e+00,   7.11246321e+03],
       [  0.00000000e+00,   0.00000000e+00,   7.11246321e+03],
       [  0.00000000e+00,   0.00000000e+00,   7.11246321e+03],
       [  0.00000000e+00,   0.00000000e+00,   7.11246321e+03],
       [  0.00000000e+00,   0.00000000e+00,   7.11246321e+03],
       [  0.00000000e+00,   0.00000000e+00,   7.11246321e+03],
       [  0.00000000e+00,   0.00000000e+00,   7.11246321e+03],
       [  0.00000000e+00,   0.00000000e+00,   7.11246321e+03],
       [  0.00000000e+00,   0.00000000e+00,   7.11246321e+03],
       [  0.00000000e+00,   0.00000000e+00,   7.11246321e+03]]), array([[  1.78066500e-02,   1.26728781e-02,   7.44988063e+03],
       [  7.58923266e-03,   2.10528692e-02,   8.76698437e+03],
       [  1.70533788e-02,   2.63925386e-02,   8.68586198e+03],
       [  5.93287215e-03,   1.90769117e-02,   8.75647820e+03],
       [  1.16694559e-02,   4.04797955e-02,   7.69742462e+03],
       [  1.65247720e-03,   5.58294560e-02,   8.34626666e+03],
       [  1.78337993e-02,   3.15514324e-02,   8.46283181e+03],
       [  1.03559978e-02,   5.76722352e-02,   7.89901351e+03],
       [  2.17950046e-02,   1.44039032e-02,   7.90020906e+03],
       [  8.98509334e-03,   1.33415716e-02,   7.88920857e+03],
       [  0.00000000e+00,   0.00000000e+00,   7.11246321e+03],
       [  0.00000000e+00,   0.00000000e+00,   7.11246321e+03],
       [  0.00000000e+00,   0.00000000e+00,   7.11246321e+03],
       [  0.00000000e+00,   0.00000000e+00,   7.11246321e+03],
       [  0.00000000e+00,   0.00000000e+00,   7.11246321e+03],
       [  0.00000000e+00,   0.00000000e+00,   7.11246321e+03],
       [  0.00000000e+00,   0.00000000e+00,   7.11246321e+03],
       [  0.00000000e+00,   0.00000000e+00,   7.11246321e+03],
       [  0.00000000e+00,   0.00000000e+00,   7.11246321e+03],
       [  0.00000000e+00,   0.00000000e+00,   7.11246321e+03],
       [  2.29845804e-02,   0.00000000e+00,   6.85711128e+03],
       [  2.29845804e-02,   0.00000000e+00,   6.85711128e+03],
       [  2.29845804e-02,   0.00000000e+00,   6.85711128e+03],
       [  2.29845804e-02,   0.00000000e+00,   6.85711128e+03],
       [  2.29845804e-02,   0.00000000e+00,   6.85711128e+03],
       [  2.29845804e-02,   0.00000000e+00,   6.85711128e+03],
       [  2.29845804e-02,   0.00000000e+00,   6.85711128e+03],
       [  2.29845804e-02,   0.00000000e+00,   6.85711128e+03],
       [  2.29845804e-02,   0.00000000e+00,   6.85711128e+03],
       [  2.29845804e-02,   0.00000000e+00,   6.85711128e+03]]), array([[  1.78066500e-02,   1.26728781e-02,   7.44988063e+03],
       [  7.58923266e-03,   2.10528692e-02,   8.76698437e+03],
       [  1.70533788e-02,   2.63925386e-02,   8.68586198e+03],
       [  5.93287215e-03,   1.90769117e-02,   8.75647820e+03],
       [  1.16694559e-02,   4.04797955e-02,   7.69742462e+03],
       [  1.65247720e-03,   5.58294560e-02,   8.34626666e+03],
       [  1.78337993e-02,   3.15514324e-02,   8.46283181e+03],
       [  1.03559978e-02,   5.76722352e-02,   7.89901351e+03],
       [  2.17950046e-02,   1.44039032e-02,   7.90020906e+03],
       [  8.98509334e-03,   1.33415716e-02,   7.88920857e+03],
       [  0.00000000e+00,   0.00000000e+00,   7.11246321e+03],
       [  0.00000000e+00,   0.00000000e+00,   7.11246321e+03],
       [  0.00000000e+00,   0.00000000e+00,   7.11246321e+03],
       [  0.00000000e+00,   0.00000000e+00,   7.11246321e+03],
       [  0.00000000e+00,   0.00000000e+00,   7.11246321e+03],
       [  0.00000000e+00,   0.00000000e+00,   7.11246321e+03],
       [  0.00000000e+00,   0.00000000e+00,   7.11246321e+03],
       [  0.00000000e+00,   0.00000000e+00,   7.11246321e+03],
       [  0.00000000e+00,   0.00000000e+00,   7.11246321e+03],
       [  0.00000000e+00,   0.00000000e+00,   7.11246321e+03],
       [  2.29845804e-02,   0.00000000e+00,   6.85711128e+03],
       [  2.29845804e-02,   0.00000000e+00,   6.85711128e+03],
       [  2.29845804e-02,   0.00000000e+00,   6.85711128e+03],
       [  2.29845804e-02,   0.00000000e+00,   6.85711128e+03],
       [  2.29845804e-02,   0.00000000e+00,   6.85711128e+03],
       [  2.29845804e-02,   0.00000000e+00,   6.85711128e+03],
       [  2.29845804e-02,   0.00000000e+00,   6.85711128e+03],
       [  2.29845804e-02,   0.00000000e+00,   6.85711128e+03],
       [  2.29845804e-02,   0.00000000e+00,   6.85711128e+03],
       [  2.29845804e-02,   0.00000000e+00,   6.85711128e+03],
       [  2.29845804e-02,   5.19384591e-02,   7.54712358e+03],
       [  2.29845804e-02,   5.19384591e-02,   7.54712358e+03],
       [  2.29845804e-02,   5.19384591e-02,   7.54712358e+03],
       [  2.29845804e-02,   5.19384591e-02,   7.54712358e+03],
       [  2.29845804e-02,   5.19384591e-02,   7.54712358e+03],
       [  2.29845804e-02,   5.19384591e-02,   7.54712358e+03],
       [  2.29845804e-02,   5.19384591e-02,   7.54712358e+03],
       [  2.29845804e-02,   5.19384591e-02,   7.54712358e+03],
       [  2.29845804e-02,   5.19384591e-02,   7.54712358e+03],
       [  2.29845804e-02,   5.19384591e-02,   7.54712358e+03]]), array([[  1.78066500e-02,   1.26728781e-02,   7.44988063e+03],
       [  7.58923266e-03,   2.10528692e-02,   8.76698437e+03],
       [  1.70533788e-02,   2.63925386e-02,   8.68586198e+03],
       [  5.93287215e-03,   1.90769117e-02,   8.75647820e+03],
       [  1.16694559e-02,   4.04797955e-02,   7.69742462e+03],
       [  1.65247720e-03,   5.58294560e-02,   8.34626666e+03],
       [  1.78337993e-02,   3.15514324e-02,   8.46283181e+03],
       [  1.03559978e-02,   5.76722352e-02,   7.89901351e+03],
       [  2.17950046e-02,   1.44039032e-02,   7.90020906e+03],
       [  8.98509334e-03,   1.33415716e-02,   7.88920857e+03],
       [  0.00000000e+00,   0.00000000e+00,   7.11246321e+03],
       [  0.00000000e+00,   0.00000000e+00,   7.11246321e+03],
       [  0.00000000e+00,   0.00000000e+00,   7.11246321e+03],
       [  0.00000000e+00,   0.00000000e+00,   7.11246321e+03],
       [  0.00000000e+00,   0.00000000e+00,   7.11246321e+03],
       [  0.00000000e+00,   0.00000000e+00,   7.11246321e+03],
       [  0.00000000e+00,   0.00000000e+00,   7.11246321e+03],
       [  0.00000000e+00,   0.00000000e+00,   7.11246321e+03],
       [  0.00000000e+00,   0.00000000e+00,   7.11246321e+03],
       [  0.00000000e+00,   0.00000000e+00,   7.11246321e+03],
       [  2.29845804e-02,   0.00000000e+00,   6.85711128e+03],
       [  2.29845804e-02,   0.00000000e+00,   6.85711128e+03],
       [  2.29845804e-02,   0.00000000e+00,   6.85711128e+03],
       [  2.29845804e-02,   0.00000000e+00,   6.85711128e+03],
       [  2.29845804e-02,   0.00000000e+00,   6.85711128e+03],
       [  2.29845804e-02,   0.00000000e+00,   6.85711128e+03],
       [  2.29845804e-02,   0.00000000e+00,   6.85711128e+03],
       [  2.29845804e-02,   0.00000000e+00,   6.85711128e+03],
       [  2.29845804e-02,   0.00000000e+00,   6.85711128e+03],
       [  2.29845804e-02,   0.00000000e+00,   6.85711128e+03],
       [  2.29845804e-02,   5.19384591e-02,   7.54712358e+03],
       [  2.29845804e-02,   5.19384591e-02,   7.54712358e+03],
       [  2.29845804e-02,   5.19384591e-02,   7.54712358e+03],
       [  2.29845804e-02,   5.19384591e-02,   7.54712358e+03],
       [  2.29845804e-02,   5.19384591e-02,   7.54712358e+03],
       [  2.29845804e-02,   5.19384591e-02,   7.54712358e+03],
       [  2.29845804e-02,   5.19384591e-02,   7.54712358e+03],
       [  2.29845804e-02,   5.19384591e-02,   7.54712358e+03],
       [  2.29845804e-02,   5.19384591e-02,   7.54712358e+03],
       [  2.29845804e-02,   5.19384591e-02,   7.54712358e+03],
       [  0.00000000e+00,   3.36584428e-02,   8.90296983e+03],
       [  0.00000000e+00,   3.36584428e-02,   8.90296983e+03],
       [  0.00000000e+00,   3.36584428e-02,   8.90296983e+03],
       [  0.00000000e+00,   3.36584428e-02,   8.90296983e+03],
       [  0.00000000e+00,   3.36584428e-02,   8.90296983e+03],
       [  0.00000000e+00,   3.36584428e-02,   8.90296983e+03],
       [  0.00000000e+00,   3.36584428e-02,   8.90296983e+03],
       [  0.00000000e+00,   3.36584428e-02,   8.90296983e+03],
       [  0.00000000e+00,   3.36584428e-02,   8.90296983e+03],
       [  0.00000000e+00,   3.36584428e-02,   8.90296983e+03]]), array([[  1.78066500e-02,   1.26728781e-02,   7.44988063e+03],
       [  7.58923266e-03,   2.10528692e-02,   8.76698437e+03],
       [  1.70533788e-02,   2.63925386e-02,   8.68586198e+03],
       [  5.93287215e-03,   1.90769117e-02,   8.75647820e+03],
       [  1.16694559e-02,   4.04797955e-02,   7.69742462e+03],
       [  1.65247720e-03,   5.58294560e-02,   8.34626666e+03],
       [  1.78337993e-02,   3.15514324e-02,   8.46283181e+03],
       [  1.03559978e-02,   5.76722352e-02,   7.89901351e+03],
       [  2.17950046e-02,   1.44039032e-02,   7.90020906e+03],
       [  8.98509334e-03,   1.33415716e-02,   7.88920857e+03],
       [  0.00000000e+00,   0.00000000e+00,   7.11246321e+03],
       [  0.00000000e+00,   0.00000000e+00,   7.11246321e+03],
       [  0.00000000e+00,   0.00000000e+00,   7.11246321e+03],
       [  0.00000000e+00,   0.00000000e+00,   7.11246321e+03],
       [  0.00000000e+00,   0.00000000e+00,   7.11246321e+03],
       [  0.00000000e+00,   0.00000000e+00,   7.11246321e+03],
       [  0.00000000e+00,   0.00000000e+00,   7.11246321e+03],
       [  0.00000000e+00,   0.00000000e+00,   7.11246321e+03],
       [  0.00000000e+00,   0.00000000e+00,   7.11246321e+03],
       [  0.00000000e+00,   0.00000000e+00,   7.11246321e+03],
       [  2.29845804e-02,   0.00000000e+00,   6.85711128e+03],
       [  2.29845804e-02,   0.00000000e+00,   6.85711128e+03],
       [  2.29845804e-02,   0.00000000e+00,   6.85711128e+03],
       [  2.29845804e-02,   0.00000000e+00,   6.85711128e+03],
       [  2.29845804e-02,   0.00000000e+00,   6.85711128e+03],
       [  2.29845804e-02,   0.00000000e+00,   6.85711128e+03],
       [  2.29845804e-02,   0.00000000e+00,   6.85711128e+03],
       [  2.29845804e-02,   0.00000000e+00,   6.85711128e+03],
       [  2.29845804e-02,   0.00000000e+00,   6.85711128e+03],
       [  2.29845804e-02,   0.00000000e+00,   6.85711128e+03],
       [  2.29845804e-02,   5.19384591e-02,   7.54712358e+03],
       [  2.29845804e-02,   5.19384591e-02,   7.54712358e+03],
       [  2.29845804e-02,   5.19384591e-02,   7.54712358e+03],
       [  2.29845804e-02,   5.19384591e-02,   7.54712358e+03],
       [  2.29845804e-02,   5.19384591e-02,   7.54712358e+03],
       [  2.29845804e-02,   5.19384591e-02,   7.54712358e+03],
       [  2.29845804e-02,   5.19384591e-02,   7.54712358e+03],
       [  2.29845804e-02,   5.19384591e-02,   7.54712358e+03],
       [  2.29845804e-02,   5.19384591e-02,   7.54712358e+03],
       [  2.29845804e-02,   5.19384591e-02,   7.54712358e+03],
       [  0.00000000e+00,   3.36584428e-02,   8.90296983e+03],
       [  0.00000000e+00,   3.36584428e-02,   8.90296983e+03],
       [  0.00000000e+00,   3.36584428e-02,   8.90296983e+03],
       [  0.00000000e+00,   3.36584428e-02,   8.90296983e+03],
       [  0.00000000e+00,   3.36584428e-02,   8.90296983e+03],
       [  0.00000000e+00,   3.36584428e-02,   8.90296983e+03],
       [  0.00000000e+00,   3.36584428e-02,   8.90296983e+03],
       [  0.00000000e+00,   3.36584428e-02,   8.90296983e+03],
       [  0.00000000e+00,   3.36584428e-02,   8.90296983e+03],
       [  0.00000000e+00,   3.36584428e-02,   8.90296983e+03],
       [  1.16655408e-02,   0.00000000e+00,   6.97102432e+03],
       [  1.16655408e-02,   0.00000000e+00,   6.97102432e+03],
       [  1.16655408e-02,   0.00000000e+00,   6.97102432e+03],
       [  1.16655408e-02,   0.00000000e+00,   6.97102432e+03],
       [  1.16655408e-02,   0.00000000e+00,   6.97102432e+03],
       [  1.16655408e-02,   0.00000000e+00,   6.97102432e+03],
       [  1.16655408e-02,   0.00000000e+00,   6.97102432e+03],
       [  1.16655408e-02,   0.00000000e+00,   6.97102432e+03],
       [  1.16655408e-02,   0.00000000e+00,   6.97102432e+03],
       [  1.16655408e-02,   0.00000000e+00,   6.97102432e+03]]), array([[  1.78066500e-02,   1.26728781e-02,   7.44988063e+03],
       [  7.58923266e-03,   2.10528692e-02,   8.76698437e+03],
       [  1.70533788e-02,   2.63925386e-02,   8.68586198e+03],
       [  5.93287215e-03,   1.90769117e-02,   8.75647820e+03],
       [  1.16694559e-02,   4.04797955e-02,   7.69742462e+03],
       [  1.65247720e-03,   5.58294560e-02,   8.34626666e+03],
       [  1.78337993e-02,   3.15514324e-02,   8.46283181e+03],
       [  1.03559978e-02,   5.76722352e-02,   7.89901351e+03],
       [  2.17950046e-02,   1.44039032e-02,   7.90020906e+03],
       [  8.98509334e-03,   1.33415716e-02,   7.88920857e+03],
       [  0.00000000e+00,   0.00000000e+00,   7.11246321e+03],
       [  0.00000000e+00,   0.00000000e+00,   7.11246321e+03],
       [  0.00000000e+00,   0.00000000e+00,   7.11246321e+03],
       [  0.00000000e+00,   0.00000000e+00,   7.11246321e+03],
       [  0.00000000e+00,   0.00000000e+00,   7.11246321e+03],
       [  0.00000000e+00,   0.00000000e+00,   7.11246321e+03],
       [  0.00000000e+00,   0.00000000e+00,   7.11246321e+03],
       [  0.00000000e+00,   0.00000000e+00,   7.11246321e+03],
       [  0.00000000e+00,   0.00000000e+00,   7.11246321e+03],
       [  0.00000000e+00,   0.00000000e+00,   7.11246321e+03],
       [  2.29845804e-02,   0.00000000e+00,   6.85711128e+03],
       [  2.29845804e-02,   0.00000000e+00,   6.85711128e+03],
       [  2.29845804e-02,   0.00000000e+00,   6.85711128e+03],
       [  2.29845804e-02,   0.00000000e+00,   6.85711128e+03],
       [  2.29845804e-02,   0.00000000e+00,   6.85711128e+03],
       [  2.29845804e-02,   0.00000000e+00,   6.85711128e+03],
       [  2.29845804e-02,   0.00000000e+00,   6.85711128e+03],
       [  2.29845804e-02,   0.00000000e+00,   6.85711128e+03],
       [  2.29845804e-02,   0.00000000e+00,   6.85711128e+03],
       [  2.29845804e-02,   0.00000000e+00,   6.85711128e+03],
       [  2.29845804e-02,   5.19384591e-02,   7.54712358e+03],
       [  2.29845804e-02,   5.19384591e-02,   7.54712358e+03],
       [  2.29845804e-02,   5.19384591e-02,   7.54712358e+03],
       [  2.29845804e-02,   5.19384591e-02,   7.54712358e+03],
       [  2.29845804e-02,   5.19384591e-02,   7.54712358e+03],
       [  2.29845804e-02,   5.19384591e-02,   7.54712358e+03],
       [  2.29845804e-02,   5.19384591e-02,   7.54712358e+03],
       [  2.29845804e-02,   5.19384591e-02,   7.54712358e+03],
       [  2.29845804e-02,   5.19384591e-02,   7.54712358e+03],
       [  2.29845804e-02,   5.19384591e-02,   7.54712358e+03],
       [  0.00000000e+00,   3.36584428e-02,   8.90296983e+03],
       [  0.00000000e+00,   3.36584428e-02,   8.90296983e+03],
       [  0.00000000e+00,   3.36584428e-02,   8.90296983e+03],
       [  0.00000000e+00,   3.36584428e-02,   8.90296983e+03],
       [  0.00000000e+00,   3.36584428e-02,   8.90296983e+03],
       [  0.00000000e+00,   3.36584428e-02,   8.90296983e+03],
       [  0.00000000e+00,   3.36584428e-02,   8.90296983e+03],
       [  0.00000000e+00,   3.36584428e-02,   8.90296983e+03],
       [  0.00000000e+00,   3.36584428e-02,   8.90296983e+03],
       [  0.00000000e+00,   3.36584428e-02,   8.90296983e+03],
       [  1.16655408e-02,   0.00000000e+00,   6.97102432e+03],
       [  1.16655408e-02,   0.00000000e+00,   6.97102432e+03],
       [  1.16655408e-02,   0.00000000e+00,   6.97102432e+03],
       [  1.16655408e-02,   0.00000000e+00,   6.97102432e+03],
       [  1.16655408e-02,   0.00000000e+00,   6.97102432e+03],
       [  1.16655408e-02,   0.00000000e+00,   6.97102432e+03],
       [  1.16655408e-02,   0.00000000e+00,   6.97102432e+03],
       [  1.16655408e-02,   0.00000000e+00,   6.97102432e+03],
       [  1.16655408e-02,   0.00000000e+00,   6.97102432e+03],
       [  1.16655408e-02,   0.00000000e+00,   6.97102432e+03],
       [  2.29845804e-02,   4.00419405e-02,   7.34311947e+03],
       [  2.29845804e-02,   4.00419405e-02,   7.34311947e+03],
       [  2.29845804e-02,   4.00419405e-02,   7.34311947e+03],
       [  2.29845804e-02,   4.00419405e-02,   7.34311947e+03],
       [  2.29845804e-02,   4.00419405e-02,   7.34311947e+03],
       [  2.29845804e-02,   4.00419405e-02,   7.34311947e+03],
       [  2.29845804e-02,   4.00419405e-02,   7.34311947e+03],
       [  2.29845804e-02,   4.00419405e-02,   7.34311947e+03],
       [  2.29845804e-02,   4.00419405e-02,   7.34311947e+03],
       [  2.29845804e-02,   4.00419405e-02,   7.34311947e+03]]), array([[  1.78066500e-02,   1.26728781e-02,   7.44988063e+03],
       [  7.58923266e-03,   2.10528692e-02,   8.76698437e+03],
       [  1.70533788e-02,   2.63925386e-02,   8.68586198e+03],
       [  5.93287215e-03,   1.90769117e-02,   8.75647820e+03],
       [  1.16694559e-02,   4.04797955e-02,   7.69742462e+03],
       [  1.65247720e-03,   5.58294560e-02,   8.34626666e+03],
       [  1.78337993e-02,   3.15514324e-02,   8.46283181e+03],
       [  1.03559978e-02,   5.76722352e-02,   7.89901351e+03],
       [  2.17950046e-02,   1.44039032e-02,   7.90020906e+03],
       [  8.98509334e-03,   1.33415716e-02,   7.88920857e+03],
       [  0.00000000e+00,   0.00000000e+00,   7.11246321e+03],
       [  0.00000000e+00,   0.00000000e+00,   7.11246321e+03],
       [  0.00000000e+00,   0.00000000e+00,   7.11246321e+03],
       [  0.00000000e+00,   0.00000000e+00,   7.11246321e+03],
       [  0.00000000e+00,   0.00000000e+00,   7.11246321e+03],
       [  0.00000000e+00,   0.00000000e+00,   7.11246321e+03],
       [  0.00000000e+00,   0.00000000e+00,   7.11246321e+03],
       [  0.00000000e+00,   0.00000000e+00,   7.11246321e+03],
       [  0.00000000e+00,   0.00000000e+00,   7.11246321e+03],
       [  0.00000000e+00,   0.00000000e+00,   7.11246321e+03],
       [  2.29845804e-02,   0.00000000e+00,   6.85711128e+03],
       [  2.29845804e-02,   0.00000000e+00,   6.85711128e+03],
       [  2.29845804e-02,   0.00000000e+00,   6.85711128e+03],
       [  2.29845804e-02,   0.00000000e+00,   6.85711128e+03],
       [  2.29845804e-02,   0.00000000e+00,   6.85711128e+03],
       [  2.29845804e-02,   0.00000000e+00,   6.85711128e+03],
       [  2.29845804e-02,   0.00000000e+00,   6.85711128e+03],
       [  2.29845804e-02,   0.00000000e+00,   6.85711128e+03],
       [  2.29845804e-02,   0.00000000e+00,   6.85711128e+03],
       [  2.29845804e-02,   0.00000000e+00,   6.85711128e+03],
       [  2.29845804e-02,   5.19384591e-02,   7.54712358e+03],
       [  2.29845804e-02,   5.19384591e-02,   7.54712358e+03],
       [  2.29845804e-02,   5.19384591e-02,   7.54712358e+03],
       [  2.29845804e-02,   5.19384591e-02,   7.54712358e+03],
       [  2.29845804e-02,   5.19384591e-02,   7.54712358e+03],
       [  2.29845804e-02,   5.19384591e-02,   7.54712358e+03],
       [  2.29845804e-02,   5.19384591e-02,   7.54712358e+03],
       [  2.29845804e-02,   5.19384591e-02,   7.54712358e+03],
       [  2.29845804e-02,   5.19384591e-02,   7.54712358e+03],
       [  2.29845804e-02,   5.19384591e-02,   7.54712358e+03],
       [  0.00000000e+00,   3.36584428e-02,   8.90296983e+03],
       [  0.00000000e+00,   3.36584428e-02,   8.90296983e+03],
       [  0.00000000e+00,   3.36584428e-02,   8.90296983e+03],
       [  0.00000000e+00,   3.36584428e-02,   8.90296983e+03],
       [  0.00000000e+00,   3.36584428e-02,   8.90296983e+03],
       [  0.00000000e+00,   3.36584428e-02,   8.90296983e+03],
       [  0.00000000e+00,   3.36584428e-02,   8.90296983e+03],
       [  0.00000000e+00,   3.36584428e-02,   8.90296983e+03],
       [  0.00000000e+00,   3.36584428e-02,   8.90296983e+03],
       [  0.00000000e+00,   3.36584428e-02,   8.90296983e+03],
       [  1.16655408e-02,   0.00000000e+00,   6.97102432e+03],
       [  1.16655408e-02,   0.00000000e+00,   6.97102432e+03],
       [  1.16655408e-02,   0.00000000e+00,   6.97102432e+03],
       [  1.16655408e-02,   0.00000000e+00,   6.97102432e+03],
       [  1.16655408e-02,   0.00000000e+00,   6.97102432e+03],
       [  1.16655408e-02,   0.00000000e+00,   6.97102432e+03],
       [  1.16655408e-02,   0.00000000e+00,   6.97102432e+03],
       [  1.16655408e-02,   0.00000000e+00,   6.97102432e+03],
       [  1.16655408e-02,   0.00000000e+00,   6.97102432e+03],
       [  1.16655408e-02,   0.00000000e+00,   6.97102432e+03],
       [  2.29845804e-02,   4.00419405e-02,   7.34311947e+03],
       [  2.29845804e-02,   4.00419405e-02,   7.34311947e+03],
       [  2.29845804e-02,   4.00419405e-02,   7.34311947e+03],
       [  2.29845804e-02,   4.00419405e-02,   7.34311947e+03],
       [  2.29845804e-02,   4.00419405e-02,   7.34311947e+03],
       [  2.29845804e-02,   4.00419405e-02,   7.34311947e+03],
       [  2.29845804e-02,   4.00419405e-02,   7.34311947e+03],
       [  2.29845804e-02,   4.00419405e-02,   7.34311947e+03],
       [  2.29845804e-02,   4.00419405e-02,   7.34311947e+03],
       [  2.29845804e-02,   4.00419405e-02,   7.34311947e+03],
       [  0.00000000e+00,   4.55549613e-02,   8.27044061e+03],
       [  0.00000000e+00,   4.55549613e-02,   8.27044061e+03],
       [  0.00000000e+00,   4.55549613e-02,   8.27044061e+03],
       [  0.00000000e+00,   4.55549613e-02,   8.27044061e+03],
       [  0.00000000e+00,   4.55549613e-02,   8.27044061e+03],
       [  0.00000000e+00,   4.55549613e-02,   8.27044061e+03],
       [  0.00000000e+00,   4.55549613e-02,   8.27044061e+03],
       [  0.00000000e+00,   4.55549613e-02,   8.27044061e+03],
       [  0.00000000e+00,   4.55549613e-02,   8.27044061e+03],
       [  0.00000000e+00,   4.55549613e-02,   8.27044061e+03]]), array([[  1.78066500e-02,   1.26728781e-02,   7.44988063e+03],
       [  7.58923266e-03,   2.10528692e-02,   8.76698437e+03],
       [  1.70533788e-02,   2.63925386e-02,   8.68586198e+03],
       [  5.93287215e-03,   1.90769117e-02,   8.75647820e+03],
       [  1.16694559e-02,   4.04797955e-02,   7.69742462e+03],
       [  1.65247720e-03,   5.58294560e-02,   8.34626666e+03],
       [  1.78337993e-02,   3.15514324e-02,   8.46283181e+03],
       [  1.03559978e-02,   5.76722352e-02,   7.89901351e+03],
       [  2.17950046e-02,   1.44039032e-02,   7.90020906e+03],
       [  8.98509334e-03,   1.33415716e-02,   7.88920857e+03],
       [  0.00000000e+00,   0.00000000e+00,   7.11246321e+03],
       [  0.00000000e+00,   0.00000000e+00,   7.11246321e+03],
       [  0.00000000e+00,   0.00000000e+00,   7.11246321e+03],
       [  0.00000000e+00,   0.00000000e+00,   7.11246321e+03],
       [  0.00000000e+00,   0.00000000e+00,   7.11246321e+03],
       [  0.00000000e+00,   0.00000000e+00,   7.11246321e+03],
       [  0.00000000e+00,   0.00000000e+00,   7.11246321e+03],
       [  0.00000000e+00,   0.00000000e+00,   7.11246321e+03],
       [  0.00000000e+00,   0.00000000e+00,   7.11246321e+03],
       [  0.00000000e+00,   0.00000000e+00,   7.11246321e+03],
       [  2.29845804e-02,   0.00000000e+00,   6.85711128e+03],
       [  2.29845804e-02,   0.00000000e+00,   6.85711128e+03],
       [  2.29845804e-02,   0.00000000e+00,   6.85711128e+03],
       [  2.29845804e-02,   0.00000000e+00,   6.85711128e+03],
       [  2.29845804e-02,   0.00000000e+00,   6.85711128e+03],
       [  2.29845804e-02,   0.00000000e+00,   6.85711128e+03],
       [  2.29845804e-02,   0.00000000e+00,   6.85711128e+03],
       [  2.29845804e-02,   0.00000000e+00,   6.85711128e+03],
       [  2.29845804e-02,   0.00000000e+00,   6.85711128e+03],
       [  2.29845804e-02,   0.00000000e+00,   6.85711128e+03],
       [  2.29845804e-02,   5.19384591e-02,   7.54712358e+03],
       [  2.29845804e-02,   5.19384591e-02,   7.54712358e+03],
       [  2.29845804e-02,   5.19384591e-02,   7.54712358e+03],
       [  2.29845804e-02,   5.19384591e-02,   7.54712358e+03],
       [  2.29845804e-02,   5.19384591e-02,   7.54712358e+03],
       [  2.29845804e-02,   5.19384591e-02,   7.54712358e+03],
       [  2.29845804e-02,   5.19384591e-02,   7.54712358e+03],
       [  2.29845804e-02,   5.19384591e-02,   7.54712358e+03],
       [  2.29845804e-02,   5.19384591e-02,   7.54712358e+03],
       [  2.29845804e-02,   5.19384591e-02,   7.54712358e+03],
       [  0.00000000e+00,   3.36584428e-02,   8.90296983e+03],
       [  0.00000000e+00,   3.36584428e-02,   8.90296983e+03],
       [  0.00000000e+00,   3.36584428e-02,   8.90296983e+03],
       [  0.00000000e+00,   3.36584428e-02,   8.90296983e+03],
       [  0.00000000e+00,   3.36584428e-02,   8.90296983e+03],
       [  0.00000000e+00,   3.36584428e-02,   8.90296983e+03],
       [  0.00000000e+00,   3.36584428e-02,   8.90296983e+03],
       [  0.00000000e+00,   3.36584428e-02,   8.90296983e+03],
       [  0.00000000e+00,   3.36584428e-02,   8.90296983e+03],
       [  0.00000000e+00,   3.36584428e-02,   8.90296983e+03],
       [  1.16655408e-02,   0.00000000e+00,   6.97102432e+03],
       [  1.16655408e-02,   0.00000000e+00,   6.97102432e+03],
       [  1.16655408e-02,   0.00000000e+00,   6.97102432e+03],
       [  1.16655408e-02,   0.00000000e+00,   6.97102432e+03],
       [  1.16655408e-02,   0.00000000e+00,   6.97102432e+03],
       [  1.16655408e-02,   0.00000000e+00,   6.97102432e+03],
       [  1.16655408e-02,   0.00000000e+00,   6.97102432e+03],
       [  1.16655408e-02,   0.00000000e+00,   6.97102432e+03],
       [  1.16655408e-02,   0.00000000e+00,   6.97102432e+03],
       [  1.16655408e-02,   0.00000000e+00,   6.97102432e+03],
       [  2.29845804e-02,   4.00419405e-02,   7.34311947e+03],
       [  2.29845804e-02,   4.00419405e-02,   7.34311947e+03],
       [  2.29845804e-02,   4.00419405e-02,   7.34311947e+03],
       [  2.29845804e-02,   4.00419405e-02,   7.34311947e+03],
       [  2.29845804e-02,   4.00419405e-02,   7.34311947e+03],
       [  2.29845804e-02,   4.00419405e-02,   7.34311947e+03],
       [  2.29845804e-02,   4.00419405e-02,   7.34311947e+03],
       [  2.29845804e-02,   4.00419405e-02,   7.34311947e+03],
       [  2.29845804e-02,   4.00419405e-02,   7.34311947e+03],
       [  2.29845804e-02,   4.00419405e-02,   7.34311947e+03],
       [  0.00000000e+00,   4.55549613e-02,   8.27044061e+03],
       [  0.00000000e+00,   4.55549613e-02,   8.27044061e+03],
       [  0.00000000e+00,   4.55549613e-02,   8.27044061e+03],
       [  0.00000000e+00,   4.55549613e-02,   8.27044061e+03],
       [  0.00000000e+00,   4.55549613e-02,   8.27044061e+03],
       [  0.00000000e+00,   4.55549613e-02,   8.27044061e+03],
       [  0.00000000e+00,   4.55549613e-02,   8.27044061e+03],
       [  0.00000000e+00,   4.55549613e-02,   8.27044061e+03],
       [  0.00000000e+00,   4.55549613e-02,   8.27044061e+03],
       [  0.00000000e+00,   4.55549613e-02,   8.27044061e+03],
       [  0.00000000e+00,   1.10260416e-02,   7.35470068e+03],
       [  0.00000000e+00,   1.10260416e-02,   7.35470068e+03],
       [  0.00000000e+00,   1.10260416e-02,   7.35470068e+03],
       [  0.00000000e+00,   1.10260416e-02,   7.35470068e+03],
       [  0.00000000e+00,   1.10260416e-02,   7.35470068e+03],
       [  0.00000000e+00,   1.10260416e-02,   7.35470068e+03],
       [  0.00000000e+00,   1.10260416e-02,   7.35470068e+03],
       [  0.00000000e+00,   1.10260416e-02,   7.35470068e+03],
       [  0.00000000e+00,   1.10260416e-02,   7.35470068e+03],
       [  0.00000000e+00,   1.10260416e-02,   7.35470068e+03]]), array([[  1.78066500e-02,   1.26728781e-02,   7.44988063e+03],
       [  7.58923266e-03,   2.10528692e-02,   8.76698437e+03],
       [  1.70533788e-02,   2.63925386e-02,   8.68586198e+03],
       [  5.93287215e-03,   1.90769117e-02,   8.75647820e+03],
       [  1.16694559e-02,   4.04797955e-02,   7.69742462e+03],
       [  1.65247720e-03,   5.58294560e-02,   8.34626666e+03],
       [  1.78337993e-02,   3.15514324e-02,   8.46283181e+03],
       [  1.03559978e-02,   5.76722352e-02,   7.89901351e+03],
       [  2.17950046e-02,   1.44039032e-02,   7.90020906e+03],
       [  8.98509334e-03,   1.33415716e-02,   7.88920857e+03],
       [  0.00000000e+00,   0.00000000e+00,   7.11246321e+03],
       [  0.00000000e+00,   0.00000000e+00,   7.11246321e+03],
       [  0.00000000e+00,   0.00000000e+00,   7.11246321e+03],
       [  0.00000000e+00,   0.00000000e+00,   7.11246321e+03],
       [  0.00000000e+00,   0.00000000e+00,   7.11246321e+03],
       [  0.00000000e+00,   0.00000000e+00,   7.11246321e+03],
       [  0.00000000e+00,   0.00000000e+00,   7.11246321e+03],
       [  0.00000000e+00,   0.00000000e+00,   7.11246321e+03],
       [  0.00000000e+00,   0.00000000e+00,   7.11246321e+03],
       [  0.00000000e+00,   0.00000000e+00,   7.11246321e+03],
       [  2.29845804e-02,   0.00000000e+00,   6.85711128e+03],
       [  2.29845804e-02,   0.00000000e+00,   6.85711128e+03],
       [  2.29845804e-02,   0.00000000e+00,   6.85711128e+03],
       [  2.29845804e-02,   0.00000000e+00,   6.85711128e+03],
       [  2.29845804e-02,   0.00000000e+00,   6.85711128e+03],
       [  2.29845804e-02,   0.00000000e+00,   6.85711128e+03],
       [  2.29845804e-02,   0.00000000e+00,   6.85711128e+03],
       [  2.29845804e-02,   0.00000000e+00,   6.85711128e+03],
       [  2.29845804e-02,   0.00000000e+00,   6.85711128e+03],
       [  2.29845804e-02,   0.00000000e+00,   6.85711128e+03],
       [  2.29845804e-02,   5.19384591e-02,   7.54712358e+03],
       [  2.29845804e-02,   5.19384591e-02,   7.54712358e+03],
       [  2.29845804e-02,   5.19384591e-02,   7.54712358e+03],
       [  2.29845804e-02,   5.19384591e-02,   7.54712358e+03],
       [  2.29845804e-02,   5.19384591e-02,   7.54712358e+03],
       [  2.29845804e-02,   5.19384591e-02,   7.54712358e+03],
       [  2.29845804e-02,   5.19384591e-02,   7.54712358e+03],
       [  2.29845804e-02,   5.19384591e-02,   7.54712358e+03],
       [  2.29845804e-02,   5.19384591e-02,   7.54712358e+03],
       [  2.29845804e-02,   5.19384591e-02,   7.54712358e+03],
       [  0.00000000e+00,   3.36584428e-02,   8.90296983e+03],
       [  0.00000000e+00,   3.36584428e-02,   8.90296983e+03],
       [  0.00000000e+00,   3.36584428e-02,   8.90296983e+03],
       [  0.00000000e+00,   3.36584428e-02,   8.90296983e+03],
       [  0.00000000e+00,   3.36584428e-02,   8.90296983e+03],
       [  0.00000000e+00,   3.36584428e-02,   8.90296983e+03],
       [  0.00000000e+00,   3.36584428e-02,   8.90296983e+03],
       [  0.00000000e+00,   3.36584428e-02,   8.90296983e+03],
       [  0.00000000e+00,   3.36584428e-02,   8.90296983e+03],
       [  0.00000000e+00,   3.36584428e-02,   8.90296983e+03],
       [  1.16655408e-02,   0.00000000e+00,   6.97102432e+03],
       [  1.16655408e-02,   0.00000000e+00,   6.97102432e+03],
       [  1.16655408e-02,   0.00000000e+00,   6.97102432e+03],
       [  1.16655408e-02,   0.00000000e+00,   6.97102432e+03],
       [  1.16655408e-02,   0.00000000e+00,   6.97102432e+03],
       [  1.16655408e-02,   0.00000000e+00,   6.97102432e+03],
       [  1.16655408e-02,   0.00000000e+00,   6.97102432e+03],
       [  1.16655408e-02,   0.00000000e+00,   6.97102432e+03],
       [  1.16655408e-02,   0.00000000e+00,   6.97102432e+03],
       [  1.16655408e-02,   0.00000000e+00,   6.97102432e+03],
       [  2.29845804e-02,   4.00419405e-02,   7.34311947e+03],
       [  2.29845804e-02,   4.00419405e-02,   7.34311947e+03],
       [  2.29845804e-02,   4.00419405e-02,   7.34311947e+03],
       [  2.29845804e-02,   4.00419405e-02,   7.34311947e+03],
       [  2.29845804e-02,   4.00419405e-02,   7.34311947e+03],
       [  2.29845804e-02,   4.00419405e-02,   7.34311947e+03],
       [  2.29845804e-02,   4.00419405e-02,   7.34311947e+03],
       [  2.29845804e-02,   4.00419405e-02,   7.34311947e+03],
       [  2.29845804e-02,   4.00419405e-02,   7.34311947e+03],
       [  2.29845804e-02,   4.00419405e-02,   7.34311947e+03],
       [  0.00000000e+00,   4.55549613e-02,   8.27044061e+03],
       [  0.00000000e+00,   4.55549613e-02,   8.27044061e+03],
       [  0.00000000e+00,   4.55549613e-02,   8.27044061e+03],
       [  0.00000000e+00,   4.55549613e-02,   8.27044061e+03],
       [  0.00000000e+00,   4.55549613e-02,   8.27044061e+03],
       [  0.00000000e+00,   4.55549613e-02,   8.27044061e+03],
       [  0.00000000e+00,   4.55549613e-02,   8.27044061e+03],
       [  0.00000000e+00,   4.55549613e-02,   8.27044061e+03],
       [  0.00000000e+00,   4.55549613e-02,   8.27044061e+03],
       [  0.00000000e+00,   4.55549613e-02,   8.27044061e+03],
       [  0.00000000e+00,   1.10260416e-02,   7.35470068e+03],
       [  0.00000000e+00,   1.10260416e-02,   7.35470068e+03],
       [  0.00000000e+00,   1.10260416e-02,   7.35470068e+03],
       [  0.00000000e+00,   1.10260416e-02,   7.35470068e+03],
       [  0.00000000e+00,   1.10260416e-02,   7.35470068e+03],
       [  0.00000000e+00,   1.10260416e-02,   7.35470068e+03],
       [  0.00000000e+00,   1.10260416e-02,   7.35470068e+03],
       [  0.00000000e+00,   1.10260416e-02,   7.35470068e+03],
       [  0.00000000e+00,   1.10260416e-02,   7.35470068e+03],
       [  0.00000000e+00,   1.10260416e-02,   7.35470068e+03],
       [  2.29845804e-02,   5.77416389e-02,   7.45064770e+03],
       [  2.29845804e-02,   5.77416389e-02,   7.45064770e+03],
       [  2.29845804e-02,   5.77416389e-02,   7.45064770e+03],
       [  2.29845804e-02,   5.77416389e-02,   7.45064770e+03],
       [  2.29845804e-02,   5.77416389e-02,   7.45064770e+03],
       [  2.29845804e-02,   5.77416389e-02,   7.45064770e+03],
       [  2.29845804e-02,   5.77416389e-02,   7.45064770e+03],
       [  2.29845804e-02,   5.77416389e-02,   7.45064770e+03],
       [  2.29845804e-02,   5.77416389e-02,   7.45064770e+03],
       [  2.29845804e-02,   5.77416389e-02,   7.45064770e+03]])], [0.1, 0.1, 0.1, 0.1, 0.1, 0.1, 0.1, 0.1, 0.1, 0.1], [0.1, 0.1, 0.1, 0.1, 0.1, 0.1, 0.1, 0.1, 0.1, 0.1], 9]