[[5.3164643074810707, 0.00049871033113033482, 0.00049836519324547557], [0.43222700019127447, 5.8387285115715146, 6.3486719495241468], [array([[ 68.70741189,  77.00443126]]), array([[ 113.0931732 ,  130.25585268],
       [  91.28632128,  177.84424418],
       [ 176.32693015,   32.80595887],
       [  42.18646598,    1.77040958],
       [  83.56608595,  164.39389508],
       [ 106.43964285,  141.12016041],
       [ 165.38369435,   81.00001778],
       [ 154.27586931,  107.07216295],
       [  53.61787033,  191.78509305],
       [ 180.15008945,  156.36314793],
       [ 142.41784051,  160.41642709],
       [ 160.7022754 ,  147.69220412],
       [ 108.78908648,    5.75686185],
       [  73.49164356,   43.90021491],
       [   3.83012241,  198.76963033],
       [ 184.51010917,  169.81484141],
       [ 175.73355913,  130.01549959],
       [  19.20658299,  163.44205596],
       [  74.59907059,   79.30446785],
       [ 179.71156675,   37.4835153 ],
       [ 192.53196812,  120.3349385 ],
       [ 182.45694889,  124.4147669 ],
       [ 104.85906463,   36.09728547],
       [ 113.00575988,  103.4361765 ],
       [  94.55891834,  152.19730729],
       [  10.99441197,   35.14697607],
       [   2.06974947,   91.56138063],
       [ 149.75637876,  164.59183611],
       [  99.38650393,  122.92834766],
       [   9.62489185,  167.26205978],
       [ 128.88961455,  101.47712604],
       [ 132.39192566,    3.95993862],
       [ 198.37004435,   84.31206141],
       [  61.21564104,  115.13545044],
       [  29.56202564,   10.00049797],
       [  47.56835364,   85.38465652],
       [ 157.74955915,   79.43346442],
       [ 171.82001587,   14.79853423],
       [ 168.16304282,   10.67385012],
       [  26.52657756,    4.13418149],
       [  71.19761685,  142.02659031],
       [ 170.99515907,   66.40334441],
       [  52.71082907,   17.21281792],
       [ 186.25428413,   20.15617424],
       [  96.30289608,   62.37126751],
       [   7.77483489,  133.80770103],
       [ 158.44172419,  169.81883075],
       [ 136.58026494,  177.43417554],
       [  32.27358866,    5.72450233],
       [  77.91370367,  180.55942878],
       [  62.17518893,   71.28166934],
       [ 125.20448487,   45.54058321],
       [ 128.16172188,  177.73196744],
       [  80.35515362,    4.844472  ],
       [ 196.7095044 ,   36.29142027],
       [ 156.22447658,  180.79033406],
       [ 181.95523576,  194.86601031],
       [ 103.96128415,   56.25420392],
       [  26.6333439 ,   46.09204595],
       [  35.26433311,  115.68388385],
       [  31.88775511,   96.90119992],
       [  42.199054  ,  118.01275452],
       [ 191.49529408,    8.16130765],
       [  74.38871644,  140.57180252],
       [ 135.93480256,  130.58185706],
       [  54.20967044,  111.39404353],
       [ 188.29727673,   90.93480072],
       [ 134.56356002,   22.47870419],
       [ 166.00985751,  194.29487589],
       [ 150.81510078,  102.42418452],
       [ 193.1029084 ,   87.70068035],
       [   5.29518207,   18.76957981],
       [ 151.38441813,   94.98259924],
       [  30.23700433,  108.08520803],
       [  98.44132768,   94.46282176],
       [   5.40902902,    7.95734051],
       [  62.48385583,  121.19671761],
       [   6.66640869,   22.27704966],
       [ 196.46802636,   83.26253474],
       [  79.40509936,  198.91115251],
       [ 190.29812809,  191.08235148],
       [  15.90351734,   63.60738478],
       [  21.5337671 ,  114.97694012],
       [ 104.05888935,   87.08897962],
       [  77.59484405,  150.22499622],
       [ 142.82624901,  106.80906811],
       [ 111.51724686,   52.90723988],
       [  91.61084088,   36.39610177],
       [ 104.40534345,  149.3855879 ],
       [  39.62355768,  134.13211287],
       [  19.30163257,  110.05317295],
       [ 100.93460564,   39.27987514],
       [ 128.83380357,  173.67707946],
       [ 192.14825072,   99.90935866],
       [ 171.21752171,  147.51782832],
       [ 191.55141324,  115.34077719],
       [ 165.52909551,  114.52855143],
       [  74.96718167,  161.48516927],
       [ 105.79345909,  119.8050382 ],
       [   5.36791761,   60.30257797]]), array([[  76.57330838,  155.79412671],
       [  82.07526415,  192.14488432],
       [  63.61875344,   58.58746857],
       [  42.94025911,  115.44795151],
       [  39.20952318,  184.06194389],
       [ 193.92521684,  149.66171531],
       [  14.59467429,   65.90433507],
       [ 142.79762851,   78.25010716],
       [ 172.97204445,    6.58704958],
       [  84.71704002,  166.83668594],
       [ 192.6902521 ,    8.53408683],
       [ 182.07727493,  176.70783915],
       [   7.23744208,  136.51095467],
       [   6.37629355,   62.53172374],
       [ 136.64286009,   47.57255752],
       [  41.77161865,   28.76606632],
       [  61.04892472,   28.60153106],
       [ 179.77426609,  127.15306316],
       [  80.49968208,  198.78476017],
       [  14.56133586,  136.28406575],
       [  43.73261805,  135.27221538],
       [ 122.55724073,  188.7731122 ],
       [ 118.19458777,  132.65473246],
       [ 159.77737359,  123.22600723],
       [  16.73994083,   24.26978369],
       [ 125.73615802,  161.56504929],
       [ 192.93448904,  100.51769751],
       [ 144.67427757,  152.08166037],
       [  57.06114873,  167.38984292],
       [  89.20545348,  170.53111671],
       [  37.86504971,   17.59867747],
       [  40.34608249,  111.17284065],
       [  59.69578486,  139.15850206],
       [ 124.8513612 ,   30.06862597],
       [ 130.69846052,   62.10044692],
       [ 191.84016616,   77.03082243],
       [ 141.72573096,   41.91680656],
       [ 130.96641907,  159.3741953 ],
       [ 160.49305319,  162.5253514 ],
       [  28.09396256,   59.38972356],
       [  73.63961987,  193.58851127],
       [  29.40137107,  183.83597781],
       [  90.9775491 ,   48.95808175],
       [ 179.59726807,  150.2998693 ],
       [ 133.54751518,    2.9531542 ],
       [  10.50733083,  123.57543608],
       [ 181.27025279,   55.41798335],
       [ 184.31566913,  185.17127806],
       [  28.65474102,  151.92004008],
       [  45.81438207,  142.87124731],
       [ 115.9131803 ,  187.55446756],
       [ 177.10795515,   67.11146718],
       [ 145.79969624,  178.79663627],
       [  32.13144916,  146.10853748],
       [  60.79434471,   74.96389814],
       [   3.19434477,  134.22716239],
       [ 166.79896506,   53.71221553],
       [  58.72150415,  127.95148089],
       [ 181.15988498,    6.63075461],
       [  15.8968894 ,   12.48797007],
       [  52.84934951,  127.41555761],
       [ 153.18052151,    1.64227403],
       [ 165.31411462,   65.90103746],
       [  23.91461032,   80.27457277],
       [ 185.65502887,  135.62605017],
       [  51.62989862,   82.31385358],
       [  78.21999128,  116.19430421],
       [ 187.60547886,   50.31777715],
       [  16.95257499,  172.67802918],
       [ 165.93058827,   93.2371506 ],
       [  25.23864072,    2.54088818],
       [  24.94872089,  108.88872671],
       [ 133.25080574,  135.60540611],
       [  27.05073444,   76.72651533],
       [  82.417194  ,   39.58444902],
       [  45.81346451,   27.35017248],
       [ 165.27203401,   81.2341677 ],
       [  37.71735397,   97.19098088],
       [  18.41351818,   92.78618807],
       [ 196.05359364,  174.64569163],
       [  13.4345092 ,  161.04180666],
       [  16.68171886,  134.09331649],
       [  35.64466867,   55.23401627],
       [ 166.62613982,   83.25690734],
       [ 127.40904953,  192.31922052],
       [ 156.59647718,  102.2673013 ],
       [  26.58170894,   34.05270956],
       [ 168.59623429,  134.82794286],
       [ 139.38421006,  130.99923203],
       [ 170.93461754,   40.45173335],
       [ 196.42626999,  153.76339592],
       [ 186.33959416,  146.65209924],
       [  33.82193725,   80.31435871],
       [  79.76758983,   27.60528724],
       [  15.99547038,  198.29172383],
       [ 170.83928518,  129.36104949],
       [   4.89811735,  186.21318096],
       [ 141.45456552,  113.12411088],
       [ 142.42180306,   82.69466712],
       [ 161.29772778,  143.43623443]])], [array([[ 68.70741189,  77.00443126,   5.00781914,   0.2       ]]), array([[ 113.0931732 ,  130.25585268,    5.74733972,    0.2       ],
       [  91.28632128,  177.84424418,    5.03055717,    0.2       ],
       [ 176.32693015,   32.80595887,    5.3741337 ,    0.2       ],
       [  42.18646598,    1.77040958,    5.00001149,    0.2       ],
       [  83.56608595,  164.39389508,    5.7464954 ,    0.2       ],
       [ 106.43964285,  141.12016041,    5.539131  ,    0.2       ],
       [ 165.38369435,   81.00001778,   11.92843876,    0.2       ],
       [ 154.27586931,  107.07216295,    5.15875469,    0.2       ],
       [  53.61787033,  191.78509305,    5.11776301,    0.2       ],
       [ 180.15008945,  156.36314793,    5.00022709,    0.2       ],
       [ 142.41784051,  160.41642709,    5.00011905,    0.2       ],
       [ 160.7022754 ,  147.69220412,    5.00037313,    0.2       ],
       [ 108.78908648,    5.75686185,    5.0001214 ,    0.2       ],
       [  73.49164356,   43.90021491,    5.0000823 ,    0.2       ],
       [   3.83012241,  198.76963033,    5.00000956,    0.2       ],
       [ 184.51010917,  169.81484141,    5.0000325 ,    0.2       ],
       [ 175.73355913,  130.01549959,    5.01123565,    0.2       ],
       [  19.20658299,  163.44205596,    5.47292075,    0.2       ],
       [  74.59907059,   79.30446785,    5.02211275,    0.2       ],
       [ 179.71156675,   37.4835153 ,    5.46522887,    0.2       ],
       [ 192.53196812,  120.3349385 ,    5.03233522,    0.2       ],
       [ 182.45694889,  124.4147669 ,    5.02939894,    0.2       ],
       [ 104.85906463,   36.09728547,    5.00597736,    0.2       ],
       [ 113.00575988,  103.4361765 ,   17.67382799,    0.2       ],
       [  94.55891834,  152.19730729,    5.83711919,    0.2       ],
       [  10.99441197,   35.14697607,    5.00003216,    0.2       ],
       [   2.06974947,   91.56138063,    5.09382983,    0.2       ],
       [ 149.75637876,  164.59183611,    5.0000253 ,    0.2       ],
       [  99.38650393,  122.92834766,   15.60087597,    0.2       ],
       [   9.62489185,  167.26205978,    5.03371333,    0.2       ],
       [ 128.88961455,  101.47712604,    8.19300431,    0.2       ],
       [ 132.39192566,    3.95993862,    5.00317344,    0.2       ],
       [ 198.37004435,   84.31206141,    5.34287929,    0.2       ],
       [  61.21564104,  115.13545044,    6.21902783,    0.2       ],
       [  29.56202564,   10.00049797,    4.99999603,    0.2       ],
       [  47.56835364,   85.38465652,    5.01233456,    0.2       ],
       [ 157.74955915,   79.43346442,   12.16990105,    0.2       ],
       [ 171.82001587,   14.79853423,    5.03911453,    0.2       ],
       [ 168.16304282,   10.67385012,    5.02759914,    0.2       ],
       [  26.52657756,    4.13418149,    4.99999691,    0.2       ],
       [  71.19761685,  142.02659031,   21.43982998,    0.2       ],
       [ 170.99515907,   66.40334441,   20.7506523 ,    0.2       ],
       [  52.71082907,   17.21281792,    5.00000777,    0.2       ],
       [ 186.25428413,   20.15617424,    5.01162252,    0.2       ],
       [  96.30289608,   62.37126751,    5.06147202,    0.2       ],
       [   7.77483489,  133.80770103,    6.16105351,    0.2       ],
       [ 158.44172419,  169.81883075,    5.00003238,    0.2       ],
       [ 136.58026494,  177.43417554,    5.00001264,    0.2       ],
       [  32.27358866,    5.72450233,    4.99999755,    0.2       ],
       [  77.91370367,  180.55942878,    5.13734358,    0.2       ],
       [  62.17518893,   71.28166934,    5.00186996,    0.2       ],
       [ 125.20448487,   45.54058321,    5.66695566,    0.2       ],
       [ 128.16172188,  177.73196744,    5.0000601 ,    0.2       ],
       [  80.35515362,    4.844472  ,    5.00001473,    0.2       ],
       [ 196.7095044 ,   36.29142027,    5.00297256,    0.2       ],
       [ 156.22447658,  180.79033406,    5.00000723,    0.2       ],
       [ 181.95523576,  194.86601031,    5.00002154,    0.2       ],
       [ 103.96128415,   56.25420392,    5.10586192,    0.2       ],
       [  26.6333439 ,   46.09204595,    5.00020365,    0.2       ],
       [  35.26433311,  115.68388385,    7.43601214,    0.2       ],
       [  31.88775511,   96.90119992,    5.23912784,    0.2       ],
       [  42.199054  ,  118.01275452,    7.0146119 ,    0.2       ],
       [ 191.49529408,    8.16130765,    5.00053693,    0.2       ],
       [  74.38871644,  140.57180252,   20.97465294,    0.2       ],
       [ 135.93480256,  130.58185706,    5.01769618,    0.2       ],
       [  54.20967044,  111.39404353,    5.56067222,    0.2       ],
       [ 188.29727673,   90.93480072,    6.94358219,    0.2       ],
       [ 134.56356002,   22.47870419,    5.06632689,    0.2       ],
       [ 166.00985751,  194.29487589,    4.99999965,    0.2       ],
       [ 150.81510078,  102.42418452,    5.37116783,    0.2       ],
       [ 193.1029084 ,   87.70068035,    6.30040086,    0.2       ],
       [   5.29518207,   18.76957981,    4.99999937,    0.2       ],
       [ 151.38441813,   94.98259924,    6.06358109,    0.2       ],
       [  30.23700433,  108.08520803,    6.36563504,    0.2       ],
       [  98.44132768,   94.46282176,   11.3250696 ,    0.2       ],
       [   5.40902902,    7.95734051,    4.99999623,    0.2       ],
       [  62.48385583,  121.19671761,    8.07165594,    0.2       ],
       [   6.66640869,   22.27704966,    5.00000577,    0.2       ],
       [ 196.46802636,   83.26253474,    5.69556873,    0.2       ],
       [  79.40509936,  198.91115251,    5.00618204,    0.2       ],
       [ 190.29812809,  191.08235148,    5.00001201,    0.2       ],
       [  15.90351734,   63.60738478,    5.00407031,    0.2       ],
       [  21.5337671 ,  114.97694012,   10.54151233,    0.2       ],
       [ 104.05888935,   87.08897962,   11.20486885,    0.2       ],
       [  77.59484405,  150.22499622,   12.98070996,    0.2       ],
       [ 142.82624901,  106.80906811,    5.31488083,    0.2       ],
       [ 111.51724686,   52.90723988,    5.23488231,    0.2       ],
       [  91.61084088,   36.39610177,    5.00049422,    0.2       ],
       [ 104.40534345,  149.3855879 ,    5.235738  ,    0.2       ],
       [  39.62355768,  134.13211287,   17.76287164,    0.2       ],
       [  19.30163257,  110.05317295,    8.20561193,    0.2       ],
       [ 100.93460564,   39.27987514,    5.00476478,    0.2       ],
       [ 128.83380357,  173.67707946,    5.00008731,    0.2       ],
       [ 192.14825072,   99.90935866,    5.53110173,    0.2       ],
       [ 171.21752171,  147.51782832,    5.00064461,    0.2       ],
       [ 191.55141324,  115.34077719,    5.07036948,    0.2       ],
       [ 165.52909551,  114.52855143,    5.06455306,    0.2       ],
       [  74.96718167,  161.48516927,    7.88048473,    0.2       ],
       [ 105.79345909,  119.8050382 ,   12.6979254 ,    0.2       ],
       [   5.36791761,   60.30257797,    5.00168958,    0.2       ]]), array([[  76.57330838,  155.79412671,    9.95240924,    0.2       ],
       [  82.07526415,  192.14488432,    5.01493691,    0.2       ],
       [  63.61875344,   58.58746857,    5.00029694,    0.2       ],
       [  42.94025911,  115.44795151,    6.32345992,    0.2       ],
       [  39.20952318,  184.06194389,    5.23928169,    0.2       ],
       [ 193.92521684,  149.66171531,    5.00034352,    0.2       ],
       [  14.59467429,   65.90433507,    5.00565267,    0.2       ],
       [ 142.79762851,   78.25010716,   16.20525783,    0.2       ],
       [ 172.97204445,    6.58704958,    5.01037704,    0.2       ],
       [  84.71704002,  166.83668594,    5.44913257,    0.2       ],
       [ 192.6902521 ,    8.53408683,    5.00036496,    0.2       ],
       [ 182.07727493,  176.70783915,    5.00001726,    0.2       ],
       [   7.23744208,  136.51095467,    5.78683134,    0.2       ],
       [   6.37629355,   62.53172374,    5.00244483,    0.2       ],
       [ 136.64286009,   47.57255752,    8.09021735,    0.2       ],
       [  41.77161865,   28.76606632,    5.00000283,    0.2       ],
       [  61.04892472,   28.60153106,    4.99999162,    0.2       ],
       [ 179.77426609,  127.15306316,    5.01965519,    0.2       ],
       [  80.49968208,  198.78476017,    5.00553136,    0.2       ],
       [  14.56133586,  136.28406575,    9.78813037,    0.2       ],
       [  43.73261805,  135.27221538,   17.4750707 ,    0.2       ],
       [ 122.55724073,  188.7731122 ,    5.00003354,    0.2       ],
       [ 118.19458777,  132.65473246,    5.22322886,    0.2       ],
       [ 159.77737359,  123.22600723,    5.01483928,    0.2       ],
       [  16.73994083,   24.26978369,    5.00001756,    0.2       ],
       [ 125.73615802,  161.56504929,    5.00078476,    0.2       ],
       [ 192.93448904,  100.51769751,    5.45166859,    0.2       ],
       [ 144.67427757,  152.08166037,    5.00029946,    0.2       ],
       [  57.06114873,  167.38984292,    8.72107208,    0.2       ],
       [  89.20545348,  170.53111671,    5.13389518,    0.2       ],
       [  37.86504971,   17.59867747,    4.9999903 ,    0.2       ],
       [  40.34608249,  111.17284065,    5.85431308,    0.2       ],
       [  59.69578486,  139.15850206,   20.0792485 ,    0.2       ],
       [ 124.8513612 ,   30.06862597,    5.06827638,    0.2       ],
       [ 130.69846052,   62.10044692,   14.02344421,    0.2       ],
       [ 191.84016616,   77.03082243,    7.03766427,    0.2       ],
       [ 141.72573096,   41.91680656,    7.14351224,    0.2       ],
       [ 130.96641907,  159.3741953 ,    5.00048981,    0.2       ],
       [ 160.49305319,  162.5253514 ,    5.0000386 ,    0.2       ],
       [  28.09396256,   59.38972356,    5.00127345,    0.2       ],
       [  73.63961987,  193.58851127,    5.03142426,    0.2       ],
       [  29.40137107,  183.83597781,    5.10562138,    0.2       ],
       [  90.9775491 ,   48.95808175,    5.00293458,    0.2       ],
       [ 179.59726807,  150.2998693 ,    5.00060007,    0.2       ],
       [ 133.54751518,    2.9531542 ,    5.00299033,    0.2       ],
       [  10.50733083,  123.57543608,    8.13242162,    0.2       ],
       [ 181.27025279,   55.41798335,    8.93536771,    0.2       ],
       [ 184.31566913,  185.17127806,    4.99999368,    0.2       ],
       [  28.65474102,  151.92004008,   12.16494319,    0.2       ],
       [  45.81438207,  142.87124731,   21.64791688,    0.2       ],
       [ 115.9131803 ,  187.55446756,    5.0000862 ,    0.2       ],
       [ 177.10795515,   67.11146718,   17.79868081,    0.2       ],
       [ 145.79969624,  178.79663627,    5.0000181 ,    0.2       ],
       [  32.13144916,  146.10853748,   18.43858311,    0.2       ],
       [  60.79434471,   74.96389814,    5.00307105,    0.2       ],
       [   3.19434477,  134.22716239,    5.18066608,    0.2       ],
       [ 166.79896506,   53.71221553,   15.25722464,    0.2       ],
       [  58.72150415,  127.95148089,   10.89157333,    0.2       ],
       [ 181.15988498,    6.63075461,    5.00375017,    0.2       ],
       [  15.8968894 ,   12.48797007,    4.99999403,    0.2       ],
       [  52.84934951,  127.41555761,   10.0878073 ,    0.2       ],
       [ 153.18052151,    1.64227403,    5.00798909,    0.2       ],
       [ 165.31411462,   65.90103746,   21.92183054,    0.2       ],
       [  23.91461032,   80.27457277,    5.04265426,    0.2       ],
       [ 185.65502887,  135.62605017,    5.00460715,    0.2       ],
       [  51.62989862,   82.31385358,    5.0074499 ,    0.2       ],
       [  78.21999128,  116.19430421,   10.86611214,    0.2       ],
       [ 187.60547886,   50.31777715,    5.73462931,    0.2       ],
       [  16.95257499,  172.67802918,    5.08176154,    0.2       ],
       [ 165.93058827,   93.2371506 ,    6.52807755,    0.2       ],
       [  25.23864072,    2.54088818,    4.99998225,    0.2       ],
       [  24.94872089,  108.88872671,    7.31887433,    0.2       ],
       [ 133.25080574,  135.60540611,    5.0115536 ,    0.2       ],
       [  27.05073444,   76.72651533,    5.01911763,    0.2       ],
       [  82.417194  ,   39.58444902,    5.00019463,    0.2       ],
       [  45.81346451,   27.35017248,    5.00001611,    0.2       ],
       [ 165.27203401,   81.2341677 ,   11.73769379,    0.2       ],
       [  37.71735397,   97.19098088,    5.14117192,    0.2       ],
       [  18.41351818,   92.78618807,    5.32629673,    0.2       ],
       [ 196.05359364,  174.64569163,    4.99999969,    0.2       ],
       [  13.4345092 ,  161.04180666,    5.22358294,    0.2       ],
       [  16.68171886,  134.09331649,   12.39715088,    0.2       ],
       [  35.64466867,   55.23401627,    5.00030726,    0.2       ],
       [ 166.62613982,   83.25690734,   10.62084102,    0.2       ],
       [ 127.40904953,  192.31922052,    5.00001923,    0.2       ],
       [ 156.59647718,  102.2673013 ,    5.33161808,    0.2       ],
       [  26.58170894,   34.05270956,    5.00003349,    0.2       ],
       [ 168.59623429,  134.82794286,    5.00344983,    0.2       ],
       [ 139.38421006,  130.99923203,    5.01194575,    0.2       ],
       [ 170.93461754,   40.45173335,    6.79445202,    0.2       ],
       [ 196.42626999,  153.76339592,    5.000152  ,    0.2       ],
       [ 186.33959416,  146.65209924,    5.00089466,    0.2       ],
       [  33.82193725,   80.31435871,    5.0164767 ,    0.2       ],
       [  79.76758983,   27.60528724,    5.0000444 ,    0.2       ],
       [  15.99547038,  198.29172383,    5.00123985,    0.2       ],
       [ 170.83928518,  129.36104949,    5.00944468,    0.2       ],
       [   4.89811735,  186.21318096,    5.00025696,    0.2       ],
       [ 141.45456552,  113.12411088,    5.14054141,    0.2       ],
       [ 142.42180306,   82.69466712,   12.81328239,    0.2       ],
       [ 161.29772778,  143.43623443,    5.00073427,    0.2       ]])], [5.0745358253607034, 8.3875395438817577], 2, 19.688937187194824]