[[5.3164643074810707, 0.00049864207985279786, 0.00049824148235911995], [0.43222700019127447, 5.8308135950144386, 6.6326832509908735], [array([[ 162.68170677,  136.78167008]]), array([[  1.85952960e+02,   6.52062191e+01],
       [  1.82711933e+02,   1.20943649e+02],
       [  1.68688377e+02,   2.99062748e+01],
       [  9.35566870e+01,   1.77330904e+02],
       [  7.69224053e+01,   2.32862255e+01],
       [  1.47899361e+02,   1.60433397e+02],
       [  9.06330141e+01,   7.72722714e+01],
       [  6.73662664e+01,   9.07396478e+01],
       [  2.44279887e+01,   1.07482722e+02],
       [  1.94380076e+02,   1.46949235e+02],
       [  3.74688505e+01,   5.91057330e+01],
       [  4.70760367e+01,   1.58619390e+02],
       [  9.42929862e+01,   1.33302471e+02],
       [  1.27746387e+02,   1.15603862e+02],
       [  1.30034632e+02,   3.01036489e+01],
       [  1.73526994e+02,   7.83786616e+01],
       [  5.04649990e+00,   1.36207829e+02],
       [  1.88245548e+02,   4.56015970e-02],
       [  7.71094265e+01,   6.06589763e+01],
       [  9.98778131e+00,   9.98615754e+01],
       [  1.85235714e+01,   7.07982334e+00],
       [  1.19706319e+02,   6.38294187e+01],
       [  1.66899597e+02,   1.60605804e+02],
       [  8.40077595e+01,   3.74090811e+01],
       [  6.51818423e+01,   4.86401667e+01],
       [  1.99704080e+02,   1.00519157e+02],
       [  1.22374381e+02,   9.47166568e+00],
       [  7.11823295e+01,   7.22072687e+01],
       [  1.11259976e+02,   1.70444352e+02],
       [  4.47226944e+01,   1.77390502e+02],
       [  1.88390497e+02,   1.12386192e+02],
       [  1.55244627e+02,   1.01887469e+02],
       [  2.29497214e+01,   6.07421005e+00],
       [  1.31789022e+02,   1.11027069e+02],
       [  1.69227650e+02,   8.68880542e+01],
       [  1.81302597e+02,   6.81307754e+01],
       [  3.64088763e+00,   1.10159138e+02],
       [  1.76300438e+02,   1.47230284e+02],
       [  1.43558084e+02,   5.26975573e+01],
       [  7.80876893e+01,   1.91961575e+02],
       [  5.02254486e+01,   1.05940388e+02],
       [  1.70460877e+02,   1.88353764e+02],
       [  1.97774677e+02,   1.80942650e+02],
       [  1.58314357e+02,   1.69966156e+02],
       [  3.91832472e+01,   7.01142854e+00],
       [  1.57452705e+02,   2.56581939e+01],
       [  4.28033095e+01,   1.39838228e+01],
       [  1.09341489e+01,   9.88326482e+01],
       [  5.79949767e+01,   3.23748227e+01],
       [  5.23517243e+01,   1.41976017e+02],
       [  1.91966579e+02,   5.22202932e+01],
       [  9.40555552e+01,   1.81009834e+02],
       [  1.41704163e+02,   8.45952711e+01],
       [  1.51370179e+02,   3.05030345e+01],
       [  1.96039222e+02,   1.13783826e+02],
       [  9.52946206e+01,   1.19526784e+02],
       [  1.97115790e+02,   9.79136336e+01],
       [  1.13748519e+02,   1.70708666e+02],
       [  1.43718582e+02,   1.36235328e+02],
       [  1.93489177e+02,   7.21802895e+01],
       [  7.76558845e+01,   1.17626482e+01],
       [  1.86496802e+01,   1.84562417e+02],
       [  6.66692763e+01,   3.40708856e+01],
       [  7.28211568e+01,   8.35537481e+01],
       [  1.88880541e+01,   6.08142907e+01],
       [  1.71678916e+02,   1.94959012e+02],
       [  1.06441046e+02,   7.48793613e+01],
       [  1.94090250e+02,   1.85345471e+00],
       [  1.69570833e+01,   6.71231906e+01],
       [  1.26091370e+02,   1.15654126e+02],
       [  1.94258426e+02,   1.96411209e+02],
       [  2.29261490e+01,   1.45374177e+02],
       [  1.39214746e+02,   2.22399307e+01],
       [  8.65692125e+01,   1.92827129e+02],
       [  6.42358675e+01,   1.48285759e+01],
       [  1.53781383e+02,   1.06940798e+02],
       [  7.31850004e+01,   6.81167919e+01],
       [  7.36595989e+01,   1.45205588e+02],
       [  1.28169632e+02,   1.39056312e+02],
       [  2.01807181e+01,   1.05250557e+02],
       [  3.09326678e+01,   1.11120153e+02],
       [  3.54446911e+00,   8.50497327e+01],
       [  1.94197298e+02,   6.72949818e+01],
       [  2.82798037e+01,   3.37903535e+01],
       [  2.42118682e+01,   3.18552384e+01],
       [  3.41161827e+00,   6.28427157e+01],
       [  1.74247200e+02,   1.91413610e+02],
       [  1.97075515e+02,   3.37263472e+01],
       [  1.91271452e+02,   6.24080413e+01],
       [  4.66788912e+01,   1.08661322e+02],
       [  1.04850416e+02,   1.50749170e+02],
       [  9.32409968e+01,   1.09829438e+02],
       [  2.32700350e+01,   1.37929823e+02],
       [  7.19946531e+01,   9.10505800e+01],
       [  6.93795039e+01,   5.04915913e+01],
       [  1.64389799e+02,   1.41462257e+02],
       [  1.67707268e+02,   4.04628276e+01],
       [  1.17698180e+01,   1.33443121e+02],
       [  1.77397497e+02,   1.99669033e+02],
       [  1.20878110e+02,   1.23282193e+02]]), array([[ 113.90371455,  152.57809519],
       [ 164.25091045,   67.36216671],
       [ 167.55629005,   65.17520971],
       [  64.49952698,  121.13048968],
       [  92.28364372,  108.88256806],
       [ 161.64175651,  195.99500806],
       [ 190.65063562,   71.61004619],
       [   8.37456081,  191.36107601],
       [  22.95047276,  183.78419157],
       [ 113.52276094,  172.33076064],
       [ 137.73438   ,  157.00292464],
       [ 160.11561102,  183.49947457],
       [  93.184247  ,   85.18753924],
       [  31.68958948,  147.06564463],
       [ 156.38605055,  104.98982845],
       [ 145.92837257,  168.81538643],
       [ 191.43317996,   67.7377601 ],
       [   0.78230896,  101.48582449],
       [ 186.82799342,  101.32674085],
       [ 144.89758997,   72.82007129],
       [  61.74463247,  144.35044633],
       [  96.09322666,   27.58633934],
       [  81.78011726,  106.02882454],
       [ 152.36448332,  132.05264331],
       [ 123.8887191 ,  152.09348883],
       [ 177.4124742 ,   56.31868776],
       [ 183.68214134,    5.43254065],
       [  43.39511954,  145.05007272],
       [ 179.77105376,   99.59290181],
       [  32.5955895 ,  193.03890389],
       [ 143.88706487,   51.84495922],
       [ 192.92927261,   12.10891195],
       [  77.87243942,   80.93473422],
       [ 139.3219572 ,  166.1156307 ],
       [  17.45276085,  126.28101796],
       [  81.36041407,   47.53743627],
       [   2.76945728,  157.94299263],
       [ 183.38372062,  191.69194918],
       [ 140.93725139,  123.40693944],
       [ 187.65741055,   69.13284167],
       [ 124.18312361,  102.08688521],
       [ 196.60275821,  144.17842527],
       [ 145.60192273,  174.48841242],
       [  28.22914611,   81.5680874 ],
       [ 126.52872802,  189.28484598],
       [  31.48636884,  152.40435632],
       [  24.70777024,  181.46732219],
       [  93.91068767,   49.17367759],
       [ 115.56920659,   54.71468985],
       [  63.62211977,   93.47723156],
       [ 191.86559693,   36.62985902],
       [  44.54976902,  142.92085002],
       [  11.820402  ,  126.46098079],
       [  24.00219613,  156.17025019],
       [  82.39062677,  162.74449147],
       [  46.97115304,  173.51125451],
       [  54.2928239 ,  172.54088471],
       [ 163.22229083,  111.62125387],
       [  46.18377235,   47.79347202],
       [  33.40273022,   93.18906847],
       [ 123.40134604,   70.98264534],
       [ 109.52335998,  130.96524378],
       [  38.76907   ,  123.66894486],
       [ 121.82538668,   78.03281254],
       [  25.87732735,   43.36306081],
       [ 101.28989018,   43.52671115],
       [ 196.76376813,   71.70582792],
       [  21.00349778,   50.52445281],
       [   1.3774258 ,   59.72771255],
       [ 183.98017972,  123.61562976],
       [ 163.07081331,  111.70137946],
       [  73.9637724 ,   31.85877369],
       [ 128.10126478,   97.38107228],
       [  38.33711899,  106.42079127],
       [  74.7977669 ,   38.16815248],
       [ 112.93422037,   33.54183443],
       [ 107.02522295,   74.8348945 ],
       [  90.37861307,  192.3013489 ],
       [ 180.69123114,  103.20567867],
       [ 128.80960228,  121.45143079],
       [ 111.41389874,   23.67006282],
       [  51.32246539,  188.42747118],
       [  97.92182884,    5.30923464],
       [  40.49972045,  101.7060226 ],
       [  48.53133399,  148.49096096],
       [  93.33645968,  187.00689254],
       [ 106.99160089,   53.09086641],
       [  91.3230602 ,   95.76911582],
       [  44.31222815,   26.79084092],
       [  28.53974758,  193.49624647],
       [  47.65863374,  101.3558224 ],
       [ 102.17212777,   48.55836103],
       [  51.72473419,  106.68453126],
       [  74.64508667,  142.7684867 ],
       [  97.66452687,  165.51426324],
       [  51.00227167,   18.94261636],
       [ 177.17959038,   55.80998471],
       [ 130.66231769,  110.18815687],
       [  45.24711757,   16.62143096],
       [ 137.95974938,   58.77374662]])], [array([[ 162.68170677,  136.78167008,    5.00197154,    0.2       ]]), array([[  1.85952960e+02,   6.52062191e+01,   9.55706994e+00,
          2.00000000e-01],
       [  1.82711933e+02,   1.20943649e+02,   5.04993377e+00,
          2.00000000e-01],
       [  1.68688377e+02,   2.99062748e+01,   5.47232462e+00,
          2.00000000e-01],
       [  9.35566870e+01,   1.77330904e+02,   5.02317054e+00,
          2.00000000e-01],
       [  7.69224053e+01,   2.32862255e+01,   5.00001745e+00,
          2.00000000e-01],
       [  1.47899361e+02,   1.60433397e+02,   5.00008632e+00,
          2.00000000e-01],
       [  9.06330141e+01,   7.72722714e+01,   5.19851564e+00,
          2.00000000e-01],
       [  6.73662664e+01,   9.07396478e+01,   5.05116065e+00,
          2.00000000e-01],
       [  2.44279887e+01,   1.07482722e+02,   7.02281068e+00,
          2.00000000e-01],
       [  1.94380076e+02,   1.46949235e+02,   5.00049690e+00,
          2.00000000e-01],
       [  3.74688505e+01,   5.91057330e+01,   5.00046566e+00,
          2.00000000e-01],
       [  4.70760367e+01,   1.58619390e+02,   1.43404507e+01,
          2.00000000e-01],
       [  9.42929862e+01,   1.33302471e+02,   1.30048603e+01,
          2.00000000e-01],
       [  1.27746387e+02,   1.15603862e+02,   5.54256795e+00,
          2.00000000e-01],
       [  1.30034632e+02,   3.01036489e+01,   5.13250004e+00,
          2.00000000e-01],
       [  1.73526994e+02,   7.83786616e+01,   1.53138250e+01,
          2.00000000e-01],
       [  5.04649990e+00,   1.36207829e+02,   5.34768220e+00,
          2.00000000e-01],
       [  1.88245548e+02,   4.56015970e-02,   5.00028696e+00,
          2.00000000e-01],
       [  7.71094265e+01,   6.06589763e+01,   5.00191670e+00,
          2.00000000e-01],
       [  9.98778131e+00,   9.98615754e+01,   5.64854845e+00,
          2.00000000e-01],
       [  1.85235714e+01,   7.07982334e+00,   5.00000706e+00,
          2.00000000e-01],
       [  1.19706319e+02,   6.38294187e+01,   8.67852885e+00,
          2.00000000e-01],
       [  1.66899597e+02,   1.60605804e+02,   5.00007994e+00,
          2.00000000e-01],
       [  8.40077595e+01,   3.74090811e+01,   5.00016238e+00,
          2.00000000e-01],
       [  6.51818423e+01,   4.86401667e+01,   5.00007066e+00,
          2.00000000e-01],
       [  1.99704080e+02,   1.00519157e+02,   5.10804895e+00,
          2.00000000e-01],
       [  1.22374381e+02,   9.47166568e+00,   5.00218234e+00,
          2.00000000e-01],
       [  7.11823295e+01,   7.22072687e+01,   5.00476846e+00,
          2.00000000e-01],
       [  1.11259976e+02,   1.70444352e+02,   5.00279779e+00,
          2.00000000e-01],
       [  4.47226944e+01,   1.77390502e+02,   5.82222820e+00,
          2.00000000e-01],
       [  1.88390497e+02,   1.12386192e+02,   5.13257582e+00,
          2.00000000e-01],
       [  1.55244627e+02,   1.01887469e+02,   5.35420907e+00,
          2.00000000e-01],
       [  2.29497214e+01,   6.07421005e+00,   5.00000072e+00,
          2.00000000e-01],
       [  1.31789022e+02,   1.11027069e+02,   5.57439484e+00,
          2.00000000e-01],
       [  1.69227650e+02,   8.68880542e+01,   9.05452017e+00,
          2.00000000e-01],
       [  1.81302597e+02,   6.81307754e+01,   1.47673989e+01,
          2.00000000e-01],
       [  3.64088763e+00,   1.10159138e+02,   5.62534996e+00,
          2.00000000e-01],
       [  1.76300438e+02,   1.47230284e+02,   5.00088922e+00,
          2.00000000e-01],
       [  1.43558084e+02,   5.26975573e+01,   1.35463604e+01,
          2.00000000e-01],
       [  7.80876893e+01,   1.91961575e+02,   5.02551453e+00,
          2.00000000e-01],
       [  5.02254486e+01,   1.05940388e+02,   5.26100634e+00,
          2.00000000e-01],
       [  1.70460877e+02,   1.88353764e+02,   5.00000183e+00,
          2.00000000e-01],
       [  1.97774677e+02,   1.80942650e+02,   4.99999938e+00,
          2.00000000e-01],
       [  1.58314357e+02,   1.69966156e+02,   5.00001419e+00,
          2.00000000e-01],
       [  3.91832472e+01,   7.01142854e+00,   4.99999961e+00,
          2.00000000e-01],
       [  1.57452705e+02,   2.56581939e+01,   5.35123212e+00,
          2.00000000e-01],
       [  4.28033095e+01,   1.39838228e+01,   4.99998612e+00,
          2.00000000e-01],
       [  1.09341489e+01,   9.88326482e+01,   5.61076642e+00,
          2.00000000e-01],
       [  5.79949767e+01,   3.23748227e+01,   4.99999801e+00,
          2.00000000e-01],
       [  5.23517243e+01,   1.41976017e+02,   2.10574960e+01,
          2.00000000e-01],
       [  1.91966579e+02,   5.22202932e+01,   5.29335837e+00,
          2.00000000e-01],
       [  9.40555552e+01,   1.81009834e+02,   5.01257610e+00,
          2.00000000e-01],
       [  1.41704163e+02,   8.45952711e+01,   1.17543883e+01,
          2.00000000e-01],
       [  1.51370179e+02,   3.05030345e+01,   5.68651408e+00,
          2.00000000e-01],
       [  1.96039222e+02,   1.13783826e+02,   5.05430536e+00,
          2.00000000e-01],
       [  9.52946206e+01,   1.19526784e+02,   1.95705249e+01,
          2.00000000e-01],
       [  1.97115790e+02,   9.79136336e+01,   5.29275456e+00,
          2.00000000e-01],
       [  1.13748519e+02,   1.70708666e+02,   5.00168147e+00,
          2.00000000e-01],
       [  1.43718582e+02,   1.36235328e+02,   5.00339716e+00,
          2.00000000e-01],
       [  1.93489177e+02,   7.21802895e+01,   6.17370414e+00,
          2.00000000e-01],
       [  7.76558845e+01,   1.17626482e+01,   4.99999652e+00,
          2.00000000e-01],
       [  1.86496802e+01,   1.84562417e+02,   5.01848953e+00,
          2.00000000e-01],
       [  6.66692763e+01,   3.40708856e+01,   5.00001395e+00,
          2.00000000e-01],
       [  7.28211568e+01,   8.35537481e+01,   5.03197919e+00,
          2.00000000e-01],
       [  1.88880541e+01,   6.08142907e+01,   5.00282053e+00,
          2.00000000e-01],
       [  1.71678916e+02,   1.94959012e+02,   4.99999197e+00,
          2.00000000e-01],
       [  1.06441046e+02,   7.48793613e+01,   7.20631267e+00,
          2.00000000e-01],
       [  1.94090250e+02,   1.85345471e+00,   5.00008062e+00,
          2.00000000e-01],
       [  1.69570833e+01,   6.71231906e+01,   5.00707290e+00,
          2.00000000e-01],
       [  1.26091370e+02,   1.15654126e+02,   5.69787250e+00,
          2.00000000e-01],
       [  1.94258426e+02,   1.96411209e+02,   5.00000348e+00,
          2.00000000e-01],
       [  2.29261490e+01,   1.45374177e+02,   1.23175875e+01,
          2.00000000e-01],
       [  1.39214746e+02,   2.22399307e+01,   5.09891118e+00,
          2.00000000e-01],
       [  8.65692125e+01,   1.92827129e+02,   5.00700395e+00,
          2.00000000e-01],
       [  6.42358675e+01,   1.48285759e+01,   4.99999834e+00,
          2.00000000e-01],
       [  1.53781383e+02,   1.06940798e+02,   5.16389413e+00,
          2.00000000e-01],
       [  7.31850004e+01,   6.81167919e+01,   5.00324159e+00,
          2.00000000e-01],
       [  7.36595989e+01,   1.45205588e+02,   1.89575660e+01,
          2.00000000e-01],
       [  1.28169632e+02,   1.39056312e+02,   5.01564301e+00,
          2.00000000e-01],
       [  2.01807181e+01,   1.05250557e+02,   6.85149136e+00,
          2.00000000e-01],
       [  3.09326678e+01,   1.11120153e+02,   6.91818141e+00,
          2.00000000e-01],
       [  3.54446911e+00,   8.50497327e+01,   5.05118058e+00,
          2.00000000e-01],
       [  1.94197298e+02,   6.72949818e+01,   5.67902169e+00,
          2.00000000e-01],
       [  2.82798037e+01,   3.37903535e+01,   5.00002839e+00,
          2.00000000e-01],
       [  2.42118682e+01,   3.18552384e+01,   5.00002684e+00,
          2.00000000e-01],
       [  3.41161827e+00,   6.28427157e+01,   5.00192801e+00,
          2.00000000e-01],
       [  1.74247200e+02,   1.91413610e+02,   5.00000685e+00,
          2.00000000e-01],
       [  1.97075515e+02,   3.37263472e+01,   5.00149303e+00,
          2.00000000e-01],
       [  1.91271452e+02,   6.24080413e+01,   6.11824091e+00,
          2.00000000e-01],
       [  4.66788912e+01,   1.08661322e+02,   5.41875398e+00,
          2.00000000e-01],
       [  1.04850416e+02,   1.50749170e+02,   5.17609189e+00,
          2.00000000e-01],
       [  9.32409968e+01,   1.09829438e+02,   1.71036131e+01,
          2.00000000e-01],
       [  2.32700350e+01,   1.37929823e+02,   1.65995428e+01,
          2.00000000e-01],
       [  7.19946531e+01,   9.10505800e+01,   5.08733078e+00,
          2.00000000e-01],
       [  6.93795039e+01,   5.04915913e+01,   5.00016807e+00,
          2.00000000e-01],
       [  1.64389799e+02,   1.41462257e+02,   5.00112824e+00,
          2.00000000e-01],
       [  1.67707268e+02,   4.04628276e+01,   7.18428596e+00,
          2.00000000e-01],
       [  1.17698180e+01,   1.33443121e+02,   8.33419687e+00,
          2.00000000e-01],
       [  1.77397497e+02,   1.99669033e+02,   4.99999313e+00,
          2.00000000e-01],
       [  1.20878110e+02,   1.23282193e+02,   5.58109364e+00,
          2.00000000e-01]]), array([[ 113.90371455,  152.57809519,    5.02417462,    0.2       ],
       [ 164.25091045,   67.36216671,   21.65362342,    0.2       ],
       [ 167.55629005,   65.17520971,   21.59621332,    0.2       ],
       [  64.49952698,  121.13048968,    8.38709066,    0.2       ],
       [  92.28364372,  108.88256806,   15.72403012,    0.2       ],
       [ 161.64175651,  195.99500806,    4.99999468,    0.2       ],
       [ 190.65063562,   71.61004619,    7.36774544,    0.2       ],
       [   8.37456081,  191.36107601,    5.00061823,    0.2       ],
       [  22.95047276,  183.78419157,    5.04449843,    0.2       ],
       [ 113.52276094,  172.33076064,    5.00136148,    0.2       ],
       [ 137.73438   ,  157.00292464,    5.00025296,    0.2       ],
       [ 160.11561102,  183.49947457,    4.99999385,    0.2       ],
       [  93.184247  ,   85.18753924,    5.94698752,    0.2       ],
       [  31.68958948,  147.06564463,   17.54550542,    0.2       ],
       [ 156.38605055,  104.98982845,    5.21580614,    0.2       ],
       [ 145.92837257,  168.81538643,    5.00000782,    0.2       ],
       [ 191.43317996,   67.7377601 ,    6.6246463 ,    0.2       ],
       [   0.78230896,  101.48582449,    5.16011348,    0.2       ],
       [ 186.82799342,  101.32674085,    5.6987047 ,    0.2       ],
       [ 144.89758997,   72.82007129,   19.79381711,    0.2       ],
       [  61.74463247,  144.35044633,   21.94032255,    0.2       ],
       [  96.09322666,   27.58633934,    5.00032976,    0.2       ],
       [  81.78011726,  106.02882454,    7.78065358,    0.2       ],
       [ 152.36448332,  132.05264331,    5.00394931,    0.2       ],
       [ 123.8887191 ,  152.09348883,    5.0045726 ,    0.2       ],
       [ 177.4124742 ,   56.31868776,   11.63463142,    0.2       ],
       [ 183.68214134,    5.43254065,    5.00205961,    0.2       ],
       [  43.39511954,  145.05007272,   21.9413223 ,    0.2       ],
       [ 179.77105376,   99.59290181,    6.16519828,    0.2       ],
       [  32.5955895 ,  193.03890389,    5.03771777,    0.2       ],
       [ 143.88706487,   51.84495922,   12.97107935,    0.2       ],
       [ 192.92927261,   12.10891195,    5.00058762,    0.2       ],
       [  77.87243942,   80.93473422,    5.0453813 ,    0.2       ],
       [ 139.3219572 ,  166.1156307 ,    5.00006189,    0.2       ],
       [  17.45276085,  126.28101796,   13.7668218 ,    0.2       ],
       [  81.36041407,   47.53743627,    5.00047513,    0.2       ],
       [   2.76945728,  157.94299263,    5.00247661,    0.2       ],
       [ 183.38372062,  191.69194918,    4.99999471,    0.2       ],
       [ 140.93725139,  123.40693944,    5.03305925,    0.2       ],
       [ 187.65741055,   69.13284167,    9.08999617,    0.2       ],
       [ 124.18312361,  102.08688521,   10.15941514,    0.2       ],
       [ 196.60275821,  144.17842527,    5.00060199,    0.2       ],
       [ 145.60192273,  174.48841242,    5.00000646,    0.2       ],
       [  28.22914611,   81.5680874 ,    5.03527727,    0.2       ],
       [ 126.52872802,  189.28484598,    5.00002236,    0.2       ],
       [  31.48636884,  152.40435632,   13.48772265,    0.2       ],
       [  24.70777024,  181.46732219,    5.08166926,    0.2       ],
       [  93.91068767,   49.17367759,    5.00523945,    0.2       ],
       [ 115.56920659,   54.71468985,    5.60799788,    0.2       ],
       [  63.62211977,   93.47723156,    5.05627903,    0.2       ],
       [ 191.86559693,   36.62985902,    5.03317312,    0.2       ],
       [  44.54976902,  142.92085002,   21.73399321,    0.2       ],
       [  11.820402  ,  126.46098079,    8.99827979,    0.2       ],
       [  24.00219613,  156.17025019,    7.71995792,    0.2       ],
       [  82.39062677,  162.74449147,    6.09407903,    0.2       ],
       [  46.97115304,  173.51125451,    6.57162177,    0.2       ],
       [  54.2928239 ,  172.54088471,    6.91513379,    0.2       ],
       [ 163.22229083,  111.62125387,    5.09028387,    0.2       ],
       [  46.18377235,   47.79347202,    5.00003265,    0.2       ],
       [  33.40273022,   93.18906847,    5.11322343,    0.2       ],
       [ 123.40134604,   70.98264534,   15.3293081 ,    0.2       ],
       [ 109.52335998,  130.96524378,    6.25594002,    0.2       ],
       [  38.76907   ,  123.66894486,   10.19566396,    0.2       ],
       [ 121.82538668,   78.03281254,   18.62689565,    0.2       ],
       [  25.87732735,   43.36306081,    5.00014312,    0.2       ],
       [ 101.28989018,   43.52671115,    5.00903802,    0.2       ],
       [ 196.76376813,   71.70582792,    5.38504949,    0.2       ],
       [  21.00349778,   50.52445281,    5.00056597,    0.2       ],
       [   1.3774258 ,   59.72771255,    5.00101338,    0.2       ],
       [ 183.98017972,  123.61562976,    5.03191259,    0.2       ],
       [ 163.07081331,  111.70137946,    5.08869165,    0.2       ],
       [  73.9637724 ,   31.85877369,    5.0000241 ,    0.2       ],
       [ 128.10126478,   97.38107228,   10.54420958,    0.2       ],
       [  38.33711899,  106.42079127,    5.51669353,    0.2       ],
       [  74.7977669 ,   38.16815248,    5.00005825,    0.2       ],
       [ 112.93422037,   33.54183443,    5.01638559,    0.2       ],
       [ 107.02522295,   74.8348945 ,    7.37882492,    0.2       ],
       [  90.37861307,  192.3013489 ,    5.00425381,    0.2       ],
       [ 180.69123114,  103.20567867,    5.69185239,    0.2       ],
       [ 128.80960228,  121.45143079,    5.20211346,    0.2       ],
       [ 111.41389874,   23.67006282,    5.00272727,    0.2       ],
       [  51.32246539,  188.42747118,    5.1942504 ,    0.2       ],
       [  97.92182884,    5.30923464,    4.99999877,    0.2       ],
       [  40.49972045,  101.7060226 ,    5.21925347,    0.2       ],
       [  48.53133399,  148.49096096,   21.84049719,    0.2       ],
       [  93.33645968,  187.00689254,    5.00589006,    0.2       ],
       [ 106.99160089,   53.09086641,    5.11221192,    0.2       ],
       [  91.3230602 ,   95.76911582,    7.87079485,    0.2       ],
       [  44.31222815,   26.79084092,    4.99999793,    0.2       ],
       [  28.53974758,  193.49624647,    5.02266828,    0.2       ],
       [  47.65863374,  101.3558224 ,    5.1410039 ,    0.2       ],
       [ 102.17212777,   48.55836103,    5.02395305,    0.2       ],
       [  51.72473419,  106.68453126,    5.28628641,    0.2       ],
       [  74.64508667,  142.7684867 ,   19.91542647,    0.2       ],
       [  97.66452687,  165.51426324,    5.07319853,    0.2       ],
       [  51.00227167,   18.94261636,    4.99998818,    0.2       ],
       [ 177.17959038,   55.80998471,   11.49090921,    0.2       ],
       [ 130.66231769,  110.18815687,    5.76390048,    0.2       ],
       [  45.24711757,   16.62143096,    4.99998524,    0.2       ],
       [ 137.95974938,   58.77374662,   15.902001  ,    0.2       ]])], [5.0745358253607034, 8.3875395439894795], 2, 15.535567998886108]