[[7.3951246805451767, 7.3939207942343392, 7.3936576809976993], [0.88689063648249278, 1.2324544983826664, 1.2465141538931428], [array([[  35.26881436,   21.14058516],
       [ 136.17545557,  105.17576053],
       [  63.84938114,   22.33829976],
       [ 138.24469864,  184.29636935],
       [ 143.09369062,  157.9768171 ],
       [ 113.52996447,   67.29145567],
       [   6.16171315,  130.93085508],
       [   3.50543394,   48.98946403],
       [ 131.43104887,   49.24303329],
       [   4.61321672,   56.70679065]]), array([[  75.37688442,  121.6080402 ]]), array([[ 98.49246231,  98.49246231]]), array([[  76.38190955,  143.71859296]])], [array([[  35.26881436,   21.14058516,    4.9999955 ,    0.2       ],
       [ 136.17545557,  105.17576053,    5.76482908,    0.2       ],
       [  63.84938114,   22.33829976,    4.99999493,    0.2       ],
       [ 138.24469864,  184.29636935,    5.00001861,    0.2       ],
       [ 143.09369062,  157.9768171 ,    5.0001483 ,    0.2       ],
       [ 113.52996447,   67.29145567,    7.37568443,    0.2       ],
       [   6.16171315,  130.93085508,    5.83900205,    0.2       ],
       [   3.50543394,   48.98946403,    5.00024831,    0.2       ],
       [ 131.43104887,   49.24303329,    7.37261649,    0.2       ],
       [   4.61321672,   56.70679065,    5.00091606,    0.2       ]]), array([[  75.37688442,  121.6080402 ,   12.88910244,    0.2       ]]), array([[ 98.49246231,  98.49246231,  13.81846071,   0.2       ]]), array([[  76.38190955,  143.71859296,   18.48415672,    0.2       ]])], [0.0038030293921738302, 0.0050715654197042411, 0.0049060735670773369], 3, 32.804949045181274]