[[7.3951251747766786, 0.00054182680738207192, 7.2596458424364352], [0.88704093125021344, 6.6382617987253258, 1.7443997432231475], [array([[ 191.20656206,  102.80934487]]), array([[  66.24083043,   11.12916011],
       [  84.27461265,  173.76553742],
       [ 139.57601291,   64.13579879],
       [  11.29380564,    7.67002481],
       [  72.39365995,   85.28583486],
       [  12.86288238,   50.41255772],
       [ 160.78163555,  113.98735478],
       [ 140.13994294,  142.65719927],
       [  39.61709213,  181.8938265 ],
       [  67.39830016,   41.26222844],
       [ 140.82734427,  191.56425543],
       [ 119.21074116,    5.393633  ],
       [ 164.17282655,  194.63906925],
       [ 137.28299561,   51.20157727],
       [   9.38417623,  132.22353148],
       [  79.57845775,  113.19054322],
       [ 143.20889231,  169.50327082],
       [ 140.20088123,   60.88733922],
       [ 167.75386092,  171.21099095],
       [ 197.07004144,  129.46759679],
       [  78.07660174,   11.43524791],
       [  22.38944291,   69.69665715],
       [  57.82496428,   91.35161525],
       [ 143.27707052,    9.53043511],
       [  51.64109739,  193.33477405],
       [ 125.95151193,   40.66864923],
       [   0.26016259,   43.01004938],
       [  56.3545263 ,  153.81501847],
       [ 101.18689239,   47.19920958],
       [ 156.88871794,  112.98791294],
       [ 181.75514004,   28.73544209],
       [  69.17291345,   49.91849835],
       [ 175.25876155,  102.2422347 ],
       [ 120.95299704,   22.59110812],
       [ 154.29632289,   56.77307939],
       [ 186.16621061,  124.35397599],
       [ 177.14971938,  142.22564438],
       [  10.86714462,  112.7997948 ],
       [  83.07473503,   36.97108955],
       [  22.8564511 ,  136.27517677],
       [ 100.60836952,   82.51044253],
       [  78.50900816,  178.37663731],
       [ 137.41346927,   41.41337512],
       [  40.94628286,  187.19417792],
       [ 124.16409564,   26.4053941 ],
       [ 130.11081072,   16.32939869],
       [  36.07221928,   12.53989095],
       [ 146.33627451,    0.69618608],
       [ 138.70461563,  106.9438672 ],
       [  74.00949814,    3.94494097],
       [  21.53608611,   39.16008193],
       [ 128.0275012 ,   41.2145849 ],
       [ 142.31603336,   79.90096491],
       [  58.93700143,  178.47747387],
       [ 193.4780477 ,   56.84759697],
       [ 197.09309743,  150.99746615],
       [  10.46332445,  119.93697709],
       [ 129.46458267,   38.21903982],
       [ 113.11362588,   18.93779583],
       [ 179.87970528,  198.0652608 ],
       [  80.24189703,  166.9039556 ],
       [ 183.39135057,   13.97028454],
       [  69.35887803,   76.77187344],
       [  92.61681165,   58.85156288],
       [  76.9958305 ,  189.46738427],
       [ 169.92084113,  133.21829052],
       [ 123.34793964,   35.65151768],
       [  33.71157839,   40.61627108],
       [  79.42123315,   72.08290134],
       [  42.77801268,  171.56027006],
       [  57.99181745,  169.56181996],
       [  15.84304766,  141.32123036],
       [ 159.47016731,  162.1085539 ],
       [ 124.65858004,   56.6466295 ],
       [ 146.54885286,  157.5523672 ],
       [   9.27679145,  108.64940152],
       [  91.73999448,   88.65223761],
       [  47.1334387 ,  166.22267516],
       [  97.96044111,   90.54951672],
       [ 140.33683043,  132.83140053],
       [ 117.03830024,   39.20642239],
       [ 182.62601836,  106.48744408],
       [  45.77435809,  174.27678482],
       [ 133.16677569,  100.57341018],
       [  38.05522473,  171.48136042],
       [  18.23641908,   92.43978245],
       [  37.59248979,    2.35194235],
       [ 113.6300033 ,   13.66498616],
       [ 191.15101643,   54.16124475],
       [ 123.05239641,   16.05406824],
       [  52.23392516,  126.33158025],
       [ 111.55988645,   81.2059984 ],
       [ 134.84943855,    2.69323924],
       [  91.72399178,  165.11074569],
       [  98.4047073 ,   31.03959104],
       [  70.17784724,  153.67286714],
       [  53.56182193,   30.65577623],
       [  46.27297848,   96.71662755],
       [ 171.77537992,   61.42367119],
       [ 154.17289737,   53.79093539]]), array([[ 151.22939016,  150.46970005],
       [ 157.88304372,  197.86067689],
       [  56.89547704,    8.79220269],
       [ 186.76414064,  162.63847418],
       [  75.69305684,   26.62918591],
       [  13.74679342,  172.13144593],
       [ 137.42122049,  169.30476781],
       [ 167.05388467,   56.24993715],
       [ 104.22359676,   76.05886117],
       [ 161.07672126,  141.08360227],
       [ 156.41886533,   74.29177737],
       [  49.99714907,    3.58602199],
       [  57.78399045,  147.15136639],
       [ 140.80875229,   38.66977031],
       [  29.32897801,   95.30334985],
       [ 193.95852784,   56.28692768],
       [ 132.37504592,   33.02127971],
       [  33.55248066,   65.77137182],
       [ 171.31430814,  157.22981044],
       [  85.67793654,   97.95116573],
       [ 121.6220739 ,   78.2499907 ],
       [  90.29763334,    4.77925587],
       [  81.29694581,  178.67725035],
       [ 174.93542484,   68.48990698],
       [  96.24371444,  144.37732768],
       [ 145.59443247,    1.98668179],
       [ 167.8641939 ,   90.07237804],
       [ 172.74650269,  142.81980973],
       [ 169.85909505,    4.6181719 ],
       [ 121.14392993,   21.27156236],
       [  72.08848811,  186.83500205],
       [  94.90903138,  151.60583878],
       [  80.72043672,   85.02225071],
       [  31.22377218,   81.56018525],
       [   0.39321128,   10.76926756],
       [ 116.07614876,   78.9479788 ],
       [ 176.57372063,  140.8684804 ],
       [ 128.39034497,  163.7506898 ],
       [ 198.79777781,  192.31489165],
       [ 116.08349261,  144.45871729],
       [  26.27456185,  114.19027939],
       [  51.29733936,   63.15024615],
       [ 132.55032286,  100.32933764],
       [  85.35958289,   10.78753395],
       [  10.18571785,  180.03003171],
       [  39.49540268,   72.96852094],
       [  83.65111674,   10.70478046],
       [ 126.91490901,   30.38043125],
       [ 124.30268956,   73.21535059],
       [ 157.0804432 ,   36.71949613],
       [ 159.92177447,   18.20394589],
       [  76.09153307,  134.76181833],
       [  62.37544588,   33.47054666],
       [  69.80288495,   29.62774881],
       [ 179.93576441,  149.40083948],
       [  30.71352541,    6.84565897],
       [  56.55180233,   37.68326083],
       [ 108.35771556,    7.37392098],
       [  71.67139099,  120.11542196],
       [  45.40686578,    6.51745764],
       [ 177.79521239,  146.18865678],
       [ 126.18427993,   75.94596635],
       [ 138.00181356,  120.34074605],
       [  85.8448148 ,   23.53641822],
       [  33.33561383,  186.5382397 ],
       [  48.08465047,  132.03966475],
       [  60.24641026,  173.75789875],
       [  49.36585119,  163.23713352],
       [ 184.38543429,   94.94702227],
       [ 141.95534862,   56.27060062],
       [ 156.89608934,   34.44725999],
       [ 165.55495575,  119.55034582],
       [ 194.03308777,   50.92514902],
       [ 157.76592389,   96.71921514],
       [  35.31227596,  162.32690411],
       [ 131.64536515,   71.39835801],
       [  71.9303553 ,    6.29491711],
       [ 112.64795547,  129.20424024],
       [  53.79384375,   19.57541052],
       [  29.33333677,  193.05509215],
       [  35.17688848,  100.03732138],
       [ 111.59966759,   46.74476244],
       [  37.94508828,   69.89956765],
       [  70.59483987,  109.73375599],
       [ 146.73950233,  171.2444037 ],
       [  61.30783642,  127.43338774],
       [ 125.49544537,  196.79321468],
       [  57.44030998,   10.47989422],
       [ 162.91679238,  191.69390907],
       [  34.39468249,   85.48670488],
       [   6.80145486,  109.85297806],
       [ 173.67672184,  101.79098242],
       [ 131.00979674,  158.96540137],
       [ 188.80088295,  107.78981125],
       [ 192.15514214,  145.60101523],
       [ 184.07590725,  183.93839637],
       [ 165.87353671,  158.0376428 ],
       [ 147.35196132,  159.82280419],
       [  60.02257851,   47.58613773],
       [  31.44613308,   70.39093653]])], [array([[ 191.20656206,  102.80934487,    5.41097013,    0.2       ]]), array([[  66.24083043,   11.12916011,    5.00000576,    0.2       ],
       [  84.27461265,  173.76553742,    5.16834947,    0.2       ],
       [ 139.57601291,   64.13579879,   20.52272076,    0.2       ],
       [  11.29380564,    7.67002481,    4.99998974,    0.2       ],
       [  72.39365995,   85.28583486,    5.03886964,    0.2       ],
       [  12.86288238,   50.41255772,    5.00056113,    0.2       ],
       [ 160.78163555,  113.98735478,    5.05853543,    0.2       ],
       [ 140.13994294,  142.65719927,    5.00198372,    0.2       ],
       [  39.61709213,  181.8938265 ,    5.33331111,    0.2       ],
       [  67.39830016,   41.26222844,    5.00004065,    0.2       ],
       [ 140.82734427,  191.56425543,    5.00000072,    0.2       ],
       [ 119.21074116,    5.393633  ,    5.00070833,    0.2       ],
       [ 164.17282655,  194.63906925,    4.99999322,    0.2       ],
       [ 137.28299561,   51.20157727,   10.14502937,    0.2       ],
       [   9.38417623,  132.22353148,    7.02617173,    0.2       ],
       [  79.57845775,  113.19054322,    9.88882857,    0.2       ],
       [ 143.20889231,  169.50327082,    5.00003815,    0.2       ],
       [ 140.20088123,   60.88733922,   18.61883478,    0.2       ],
       [ 167.75386092,  171.21099095,    5.00002903,    0.2       ],
       [ 197.07004144,  129.46759679,    5.00493029,    0.2       ],
       [  78.07660174,   11.43524791,    4.99999127,    0.2       ],
       [  22.38944291,   69.69665715,    5.00931686,    0.2       ],
       [  57.82496428,   91.35161525,    5.03065622,    0.2       ],
       [ 143.27707052,    9.53043511,    5.0210794 ,    0.2       ],
       [  51.64109739,  193.33477405,    5.09230501,    0.2       ],
       [ 125.95151193,   40.66864923,    5.37321094,    0.2       ],
       [   0.26016259,   43.01004938,    5.00004646,    0.2       ],
       [  56.3545263 ,  153.81501847,   18.97521923,    0.2       ],
       [ 101.18689239,   47.19920958,    5.01605792,    0.2       ],
       [ 156.88871794,  112.98791294,    5.06408266,    0.2       ],
       [ 181.75514004,   28.73544209,    5.09562538,    0.2       ],
       [  69.17291345,   49.91849835,    5.00011524,    0.2       ],
       [ 175.25876155,  102.2422347 ,    5.70297444,    0.2       ],
       [ 120.95299704,   22.59110812,    5.01183517,    0.2       ],
       [ 154.29632289,   56.77307939,   19.48375027,    0.2       ],
       [ 186.16621061,  124.35397599,    5.0261884 ,    0.2       ],
       [ 177.14971938,  142.22564438,    5.00196354,    0.2       ],
       [  10.86714462,  112.7997948 ,    7.28698714,    0.2       ],
       [  83.07473503,   36.97108955,    5.00014157,    0.2       ],
       [  22.8564511 ,  136.27517677,   16.93655981,    0.2       ],
       [ 100.60836952,   82.51044253,    7.39309739,    0.2       ],
       [  78.50900816,  178.37663731,    5.17529744,    0.2       ],
       [ 137.41346927,   41.41337512,    6.44941648,    0.2       ],
       [  40.94628286,  187.19417792,    5.16913993,    0.2       ],
       [ 124.16409564,   26.4053941 ,    5.03500447,    0.2       ],
       [ 130.11081072,   16.32939869,    5.01649196,    0.2       ],
       [  36.07221928,   12.53989095,    4.99999809,    0.2       ],
       [ 146.33627451,    0.69618608,    5.00521773,    0.2       ],
       [ 138.70461563,  106.9438672 ,    5.45823761,    0.2       ],
       [  74.00949814,    3.94494097,    4.99999367,    0.2       ],
       [  21.53608611,   39.16008193,    5.00012489,    0.2       ],
       [ 128.0275012 ,   41.2145849 ,    5.52030832,    0.2       ],
       [ 142.31603336,   79.90096491,   15.0378522 ,    0.2       ],
       [  58.93700143,  178.47747387,    5.7340892 ,    0.2       ],
       [ 193.4780477 ,   56.84759697,    5.30396034,    0.2       ],
       [ 197.09309743,  150.99746615,    5.0001852 ,    0.2       ],
       [  10.46332445,  119.93697709,    7.9619864 ,    0.2       ],
       [ 129.46458267,   38.21903982,    5.40793101,    0.2       ],
       [ 113.11362588,   18.93779583,    5.00181983,    0.2       ],
       [ 179.87970528,  198.0652608 ,    5.00000454,    0.2       ],
       [  80.24189703,  166.9039556 ,    5.80449695,    0.2       ],
       [ 183.39135057,   13.97028454,    5.008012  ,    0.2       ],
       [  69.35887803,   76.77187344,    5.00806874,    0.2       ],
       [  92.61681165,   58.85156288,    5.01780044,    0.2       ],
       [  76.9958305 ,  189.46738427,    5.04210975,    0.2       ],
       [ 169.92084113,  133.21829052,    5.0048453 ,    0.2       ],
       [ 123.34793964,   35.65151768,    5.1263203 ,    0.2       ],
       [  33.71157839,   40.61627108,    5.00004218,    0.2       ],
       [  79.42123315,   72.08290134,    5.01469898,    0.2       ],
       [  42.77801268,  171.56027006,    6.80387973,    0.2       ],
       [  57.99181745,  169.56181996,    7.75095509,    0.2       ],
       [  15.84304766,  141.32123036,    9.05773672,    0.2       ],
       [ 159.47016731,  162.1085539 ,    5.00003439,    0.2       ],
       [ 124.65858004,   56.6466295 ,    7.92290847,    0.2       ],
       [ 146.54885286,  157.5523672 ,    5.00012058,    0.2       ],
       [   9.27679145,  108.64940152,    6.42762452,    0.2       ],
       [  91.73999448,   88.65223761,    6.18198105,    0.2       ],
       [  47.1334387 ,  166.22267516,    9.23601532,    0.2       ],
       [  97.96044111,   90.54951672,    8.95546648,    0.2       ],
       [ 140.33683043,  132.83140053,    5.00810962,    0.2       ],
       [ 117.03830024,   39.20642239,    5.07982465,    0.2       ],
       [ 182.62601836,  106.48744408,    5.40568638,    0.2       ],
       [  45.77435809,  174.27678482,    6.35680776,    0.2       ],
       [ 133.16677569,  100.57341018,    7.09843242,    0.2       ],
       [  38.05522473,  171.48136042,    6.40880729,    0.2       ],
       [  18.23641908,   92.43978245,    5.30998743,    0.2       ],
       [  37.59248979,    2.35194235,    4.99999835,    0.2       ],
       [ 113.6300033 ,   13.66498616,    5.00092496,    0.2       ],
       [ 191.15101643,   54.16124475,    5.48446439,    0.2       ],
       [ 123.05239641,   16.05406824,    5.00629081,    0.2       ],
       [  52.23392516,  126.33158025,    9.50082201,    0.2       ],
       [ 111.55988645,   81.2059984 ,   13.04792359,    0.2       ],
       [ 134.84943855,    2.69323924,    5.0032375 ,    0.2       ],
       [  91.72399178,  165.11074569,    5.20150281,    0.2       ],
       [  98.4047073 ,   31.03959104,    5.00088033,    0.2       ],
       [  70.17784724,  153.67286714,   14.5788077 ,    0.2       ],
       [  53.56182193,   30.65577623,    5.00002131,    0.2       ],
       [  46.27297848,   96.71662755,    5.07311206,    0.2       ],
       [ 171.77537992,   61.42367119,   18.55115693,    0.2       ],
       [ 154.17289737,   53.79093539,   16.99151   ,    0.2       ]]), array([[ 151.22939016,  150.46970005,    5.0002616 ,    0.2       ],
       [ 157.88304372,  197.86067689,    5.00000244,    0.2       ],
       [  56.89547704,    8.79220269,    4.99999838,    0.2       ],
       [ 186.76414064,  162.63847418,    5.0000772 ,    0.2       ],
       [  75.69305684,   26.62918591,    5.00000899,    0.2       ],
       [  13.74679342,  172.13144593,    5.04694357,    0.2       ],
       [ 137.42122049,  169.30476781,    5.00003606,    0.2       ],
       [ 167.05388467,   56.24993715,   17.26065207,    0.2       ],
       [ 104.22359676,   76.05886117,    6.85943866,    0.2       ],
       [ 161.07672126,  141.08360227,    5.00108051,    0.2       ],
       [ 156.41886533,   74.29177737,   16.48398056,    0.2       ],
       [  49.99714907,    3.58602199,    4.99999228,    0.2       ],
       [  57.78399045,  147.15136639,   22.02174906,    0.2       ],
       [ 140.80875229,   38.66977031,    6.30483151,    0.2       ],
       [  29.32897801,   95.30334985,    5.24175537,    0.2       ],
       [ 193.95852784,   56.28692768,    5.23571017,    0.2       ],
       [ 132.37504592,   33.02127971,    5.26714173,    0.2       ],
       [  33.55248066,   65.77137182,    5.00175902,    0.2       ],
       [ 171.31430814,  157.22981044,    5.00013818,    0.2       ],
       [  85.67793654,   97.95116573,    6.64619599,    0.2       ],
       [ 121.6220739 ,   78.2499907 ,   18.62741676,    0.2       ],
       [  90.29763334,    4.77925587,    4.99999861,    0.2       ],
       [  81.29694581,  178.67725035,    5.11822051,    0.2       ],
       [ 174.93542484,   68.48990698,   19.28354819,    0.2       ],
       [  96.24371444,  144.37732768,    6.92220917,    0.2       ],
       [ 145.59443247,    1.98668179,    5.00656951,    0.2       ],
       [ 167.8641939 ,   90.07237804,    7.51902673,    0.2       ],
       [ 172.74650269,  142.81980973,    5.00142913,    0.2       ],
       [ 169.85909505,    4.6181719 ,    5.00941464,    0.2       ],
       [ 121.14392993,   21.27156236,    5.01003051,    0.2       ],
       [  72.08848811,  186.83500205,    5.10050963,    0.2       ],
       [  94.90903138,  151.60583878,    5.86851964,    0.2       ],
       [  80.72043672,   85.02225071,    5.1225928 ,    0.2       ],
       [  31.22377218,   81.56018525,    5.02589418,    0.2       ],
       [   0.39321128,   10.76926756,    5.00000413,    0.2       ],
       [ 116.07614876,   78.9479788 ,   15.34538751,    0.2       ],
       [ 176.57372063,  140.8684804 ,    5.00235815,    0.2       ],
       [ 128.39034497,  163.7506898 ,    5.00038419,    0.2       ],
       [ 198.79777781,  192.31489165,    5.00000684,    0.2       ],
       [ 116.08349261,  144.45871729,    5.05635109,    0.2       ],
       [  26.27456185,  114.19027939,    9.07902897,    0.2       ],
       [  51.29733936,   63.15024615,    5.00041817,    0.2       ],
       [ 132.55032286,  100.32933764,    7.33378874,    0.2       ],
       [  85.35958289,   10.78753395,    5.00000422,    0.2       ],
       [  10.18571785,  180.03003171,    5.00559091,    0.2       ],
       [  39.49540268,   72.96852094,    5.0031024 ,    0.2       ],
       [  83.65111674,   10.70478046,    5.0000123 ,    0.2       ],
       [ 126.91490901,   30.38043125,    5.09398509,    0.2       ],
       [ 124.30268956,   73.21535059,   17.42313406,    0.2       ],
       [ 157.0804432 ,   36.71949613,    6.77503608,    0.2       ],
       [ 159.92177447,   18.20394589,    5.11228267,    0.2       ],
       [  76.09153307,  134.76181833,   21.17391154,    0.2       ],
       [  62.37544588,   33.47054666,    5.00001295,    0.2       ],
       [  69.80288495,   29.62774881,    5.00000942,    0.2       ],
       [ 179.93576441,  149.40083948,    5.00069715,    0.2       ],
       [  30.71352541,    6.84565897,    5.00001048,    0.2       ],
       [  56.55180233,   37.68326083,    5.00002378,    0.2       ],
       [ 108.35771556,    7.37392098,    5.00013823,    0.2       ],
       [  71.67139099,  120.11542196,   10.08287824,    0.2       ],
       [  45.40686578,    6.51745764,    5.00000258,    0.2       ],
       [ 177.79521239,  146.18865678,    5.00109485,    0.2       ],
       [ 126.18427993,   75.94596635,   19.80837199,    0.2       ],
       [ 138.00181356,  120.34074605,    5.06960511,    0.2       ],
       [  85.8448148 ,   23.53641822,    5.00001755,    0.2       ],
       [  33.33561383,  186.5382397 ,    5.10694302,    0.2       ],
       [  48.08465047,  132.03966475,   13.6670772 ,    0.2       ],
       [  60.24641026,  173.75789875,    6.42270329,    0.2       ],
       [  49.36585119,  163.23713352,   11.14429881,    0.2       ],
       [ 184.38543429,   94.94702227,    6.77857509,    0.2       ],
       [ 141.95534862,   56.27060062,   15.8507871 ,    0.2       ],
       [ 156.89608934,   34.44725999,    6.29992952,    0.2       ],
       [ 165.55495575,  119.55034582,    5.03174944,    0.2       ],
       [ 194.03308777,   50.92514902,    5.1137775 ,    0.2       ],
       [ 157.76592389,   96.71921514,    5.75036827,    0.2       ],
       [  35.31227596,  162.32690411,    8.86149213,    0.2       ],
       [ 131.64536515,   71.39835801,   20.70208281,    0.2       ],
       [  71.9303553 ,    6.29491711,    4.99999943,    0.2       ],
       [ 112.64795547,  129.20424024,    5.93555416,    0.2       ],
       [  53.79384375,   19.57541052,    4.9999855 ,    0.2       ],
       [  29.33333677,  193.05509215,    5.0267263 ,    0.2       ],
       [  35.17688848,  100.03732138,    5.27483   ,    0.2       ],
       [ 111.59966759,   46.74476244,    5.0922912 ,    0.2       ],
       [  37.94508828,   69.89956765,    5.00221654,    0.2       ],
       [  70.59483987,  109.73375599,    6.17971318,    0.2       ],
       [ 146.73950233,  171.2444037 ,    5.00004532,    0.2       ],
       [  61.30783642,  127.43338774,   11.06913058,    0.2       ],
       [ 125.49544537,  196.79321468,    5.00001025,    0.2       ],
       [  57.44030998,   10.47989422,    5.00000745,    0.2       ],
       [ 162.91679238,  191.69390907,    4.99998162,    0.2       ],
       [  34.39468249,   85.48670488,    5.03236051,    0.2       ],
       [   6.80145486,  109.85297806,    6.12620262,    0.2       ],
       [ 173.67672184,  101.79098242,    5.6949524 ,    0.2       ],
       [ 131.00979674,  158.96540137,    5.00051108,    0.2       ],
       [ 188.80088295,  107.78981125,    5.25153883,    0.2       ],
       [ 192.15514214,  145.60101523,    5.00076749,    0.2       ],
       [ 184.07590725,  183.93839637,    5.00001381,    0.2       ],
       [ 165.87353671,  158.0376428 ,    5.00009633,    0.2       ],
       [ 147.35196132,  159.82280419,    5.00007796,    0.2       ],
       [  60.02257851,   47.58613773,    5.00004622,    0.2       ],
       [  31.44613308,   70.39093653,    5.00458685,    0.2       ]])], [1.7369704131547608, 8.3875410348881196], 2, 26.677802085876465]