[[7.3951251747766786, 7.3325881899609042, 7.3495254430186954], [0.88704093125021344, 1.2708555584739798, 1.6812968766651748], [array([[ 167.60876969,   53.8699426 ]]), array([[  1.49982909e+02,   1.94431662e+02],
       [  3.42647674e+01,   5.50458554e+01],
       [  7.14473903e+01,   1.89114702e+02],
       [  1.44507465e+01,   5.58286970e+01],
       [  1.89619976e+02,   7.64638276e+01],
       [  1.94514138e+02,   4.20143783e+01],
       [  1.65691339e+02,   8.80892672e+01],
       [  1.71230432e+02,   1.27008876e+02],
       [  8.14509820e+01,   9.73625150e+01],
       [  9.29018161e+01,   9.97055044e+01],
       [  6.36866867e+01,   9.53228512e+01],
       [  1.26354988e+01,   1.35443495e+02],
       [  1.27391423e+02,   1.65443660e+01],
       [  4.81410200e+01,   6.29051357e+01],
       [  1.02489415e+02,   5.61088531e+00],
       [  6.66579189e+01,   4.00102606e+01],
       [  8.82570618e+01,   1.11997942e+02],
       [  2.86610332e+01,   7.78550934e+01],
       [  3.67965505e+01,   1.88466571e+01],
       [  3.42799469e+01,   1.51288027e+02],
       [  1.90656845e+02,   1.33131996e+02],
       [  1.60605619e+02,   1.03004261e+02],
       [  6.82716052e+01,   1.39152840e+02],
       [  1.59604319e+02,   4.29674003e+01],
       [  1.46632406e+02,   2.25069312e+01],
       [  7.80674514e+01,   1.16550333e+01],
       [  1.14177239e+02,   1.11772226e+02],
       [  1.74336495e+02,   8.98364183e+01],
       [  1.96846131e+02,   1.50787407e+02],
       [  4.09003391e+01,   8.33985265e+01],
       [  1.07290433e+02,   1.19793024e+01],
       [  1.68886921e+02,   1.74108741e+02],
       [  6.10112292e+01,   1.67201435e+02],
       [  6.57407766e+01,   1.53692667e+02],
       [  5.81322084e+01,   1.51342602e+02],
       [  3.91451810e+01,   1.01942079e+02],
       [  1.09154967e+02,   8.00707926e+01],
       [  1.70173859e+02,   1.56834928e+02],
       [  5.19386097e+01,   2.45175663e+01],
       [  1.95548329e+01,   1.38050550e+02],
       [  6.79077193e+01,   6.13397752e+01],
       [  5.63046133e+01,   1.57482987e+02],
       [  9.04931954e+01,   1.34087922e+02],
       [  1.92254473e+02,   5.63719157e+01],
       [  4.61889021e+01,   2.66804462e+01],
       [  6.63331424e+01,   4.65369979e+01],
       [  7.20610081e+01,   1.10105347e+02],
       [  1.96462323e+02,   1.18041232e+02],
       [  1.30446556e+02,   1.00766946e+02],
       [  9.22360383e+01,   1.18716612e+02],
       [  1.01479798e+02,   7.83479109e+01],
       [  2.95671317e+01,   2.80005650e+01],
       [  1.06927741e+02,   1.96878368e+02],
       [  1.12734859e+01,   2.60005297e+01],
       [  1.46400068e+02,   1.85225630e+02],
       [  8.76018806e+00,   1.54531798e+02],
       [  6.45752324e+01,   1.05705850e+01],
       [  4.32907955e-02,   1.69247526e+02],
       [  8.99297425e+01,   6.54429967e+01],
       [  1.52187679e+02,   1.39818347e+02],
       [  7.50676083e+01,   1.18399853e+02],
       [  7.28555284e+01,   1.88511729e+02],
       [  4.10094297e+01,   8.75355442e+01],
       [  5.48452713e+01,   8.36060794e+01],
       [  5.17725031e+01,   2.17166835e+01],
       [  1.41630704e+02,   1.05283444e+02],
       [  1.88124346e+02,   9.38176842e+01],
       [  1.95016841e+02,   1.61836700e+02],
       [  8.73763422e+01,   8.39384558e+01],
       [  1.13237388e+02,   1.87666966e+02],
       [  8.49464581e+01,   1.50311930e+02],
       [  8.10884631e+01,   1.71535627e+01],
       [  1.36265295e+02,   1.22351467e+02],
       [  1.99688467e+02,   1.85828891e+02],
       [  1.55396587e+02,   1.63026112e+02],
       [  4.96820514e-01,   1.79014586e+02],
       [  1.51086416e+02,   7.58602184e+01],
       [  2.92634775e+01,   1.76995922e+02],
       [  5.26870593e+01,   6.73362495e+01],
       [  1.16444264e+02,   5.80430016e+01],
       [  3.56521137e+01,   1.31496419e+02],
       [  8.89146031e+01,   7.61848353e+01],
       [  1.45192597e+02,   7.23175290e+01],
       [  1.71807052e+02,   1.93406634e+02],
       [  1.72577893e+02,   1.37853075e+02],
       [  1.33911766e+02,   1.97665179e+02],
       [  8.34395037e+01,   1.19936462e+02],
       [  1.37598451e+02,   6.96438137e+01],
       [  1.67639761e+02,   3.66878096e+01],
       [  1.45183693e+02,   1.70424125e+02],
       [  4.05679644e+01,   1.30494573e+02],
       [  8.01321306e+01,   2.82163165e+01],
       [  1.26950745e+01,   1.54394076e+02],
       [  6.15121984e+01,   5.12161736e+01],
       [  8.78655816e+01,   1.72599075e+02],
       [  3.46771651e+01,   1.50186270e+02],
       [  1.71370968e+02,   1.89491940e+02],
       [  1.99407996e+02,   3.51664538e+01],
       [  1.01500369e+02,   5.25731231e+01],
       [  9.29543073e+01,   1.47249700e+02]]), array([[ 116.16250982,   53.76485253],
       [ 114.75037591,   41.33038801],
       [ 180.35098944,   86.41736176],
       [  48.12527604,  159.20412586],
       [ 185.56577237,   16.38827491],
       [  20.84768353,  164.42932041],
       [ 109.86237269,   25.08035652],
       [ 105.73931408,   77.50839549],
       [ 130.30909925,   13.84131934],
       [  11.39405472,   96.91288585],
       [  67.80576518,  172.80175795],
       [ 188.23626667,   87.64153612],
       [  51.8762097 ,   85.90327386],
       [ 115.67937933,  175.12545255],
       [ 180.97427893,  152.58372502],
       [ 149.99787031,   11.62260147],
       [  45.58727466,  110.63206612],
       [  72.28460193,   99.28704806],
       [  60.63991564,  120.89092548],
       [ 101.16658437,  144.86271411],
       [  80.25516004,    0.33571565],
       [  59.89444978,    5.91490639],
       [  95.05272283,  109.18946873],
       [ 126.11273576,  108.82452955],
       [  99.45124316,  181.97333328],
       [  48.20385849,   19.11630261],
       [ 122.45541841,  108.37260793],
       [ 194.37256297,  171.67399298],
       [ 193.95354809,  146.98742205],
       [  86.75660871,  134.67896246],
       [  58.01829766,  161.25605631],
       [  42.24269885,  118.27349459],
       [ 181.55355487,  109.89561207],
       [  25.72740624,  160.54981065],
       [ 129.41463472,  195.62037348],
       [ 135.54791154,  197.74070099],
       [ 162.89637116,   71.868643  ],
       [  62.07753719,  175.0785435 ],
       [  59.06208732,  135.12515159],
       [ 121.98387791,  101.85505387],
       [  35.60307133,  125.43619952],
       [  31.54280923,  196.00141695],
       [  46.49931202,   91.01885721],
       [  40.36737757,  194.70513522],
       [  87.57918734,   91.07940176],
       [ 137.6167735 ,  140.18786214],
       [  22.41855136,  168.04652775],
       [  49.65480369,   43.08510537],
       [  31.63597867,   93.55465507],
       [ 168.85460319,  132.09706973],
       [  83.59170452,  183.00531269],
       [ 193.79996669,    9.35995837],
       [ 133.72845144,  134.02782568],
       [ 167.70048396,   73.68196693],
       [  49.35814948,   36.10463475],
       [  32.98255293,   24.04544869],
       [ 126.55901903,  110.4987893 ],
       [ 150.75284986,  196.7213466 ],
       [  23.94077924,   13.63567621],
       [ 190.18228602,   83.94574553],
       [ 157.86678841,   61.30027236],
       [ 107.72193014,    6.62358044],
       [  43.43777472,   80.56671009],
       [ 188.77736869,   12.33296092],
       [ 197.49238772,    2.64535373],
       [ 189.86460203,   60.28566722],
       [  33.45854107,  175.16860352],
       [ 115.9778669 ,   92.83830043],
       [ 149.26249999,  154.53854319],
       [  38.64962306,   44.76295542],
       [  15.32928958,  175.21348751],
       [ 118.39435507,   49.99130117],
       [ 111.27900906,   97.55636026],
       [ 168.1465288 ,  109.28253124],
       [ 109.48442694,   34.6494018 ],
       [  90.77814526,  183.68599044],
       [  95.1495527 ,   17.72483219],
       [ 125.851875  ,  190.25521843],
       [ 182.54064551,  121.71981953],
       [ 146.3446705 ,  113.36467804],
       [ 190.73563286,   88.49159225],
       [  27.31618623,   81.08568948],
       [ 169.84542889,  103.38811324],
       [  88.59991738,  111.50781926],
       [  68.81169601,   88.89540626],
       [  88.51254269,  117.5139553 ],
       [  37.69119809,   25.1077036 ],
       [  43.00962261,  142.69229821],
       [  19.79283091,  170.80306929],
       [ 146.18700929,  158.89071549],
       [  40.51984558,   95.99730144],
       [ 138.82629553,   26.72738402],
       [  48.57636614,  114.60733214],
       [  89.14783561,  193.02393657],
       [ 144.77474335,    3.24944573],
       [ 140.34063801,   90.67248047],
       [  48.66448628,   52.88423575],
       [  50.40910749,   47.17750053],
       [ 100.65186119,   93.64346653],
       [ 119.55023962,   65.37072751]])], [array([[ 167.60876969,   53.8699426 ,   15.10395693,    0.2       ]]), array([[  1.49982909e+02,   1.94431662e+02,   4.99999660e+00,
          2.00000000e-01],
       [  3.42647674e+01,   5.50458554e+01,   5.00031635e+00,
          2.00000000e-01],
       [  7.14473903e+01,   1.89114702e+02,   5.07622311e+00,
          2.00000000e-01],
       [  1.44507465e+01,   5.58286970e+01,   5.00130904e+00,
          2.00000000e-01],
       [  1.89619976e+02,   7.64638276e+01,   8.16876432e+00,
          2.00000000e-01],
       [  1.94514138e+02,   4.20143783e+01,   5.02483742e+00,
          2.00000000e-01],
       [  1.65691339e+02,   8.80892672e+01,   8.00493608e+00,
          2.00000000e-01],
       [  1.71230432e+02,   1.27008876e+02,   5.01377779e+00,
          2.00000000e-01],
       [  8.14509820e+01,   9.73625150e+01,   5.84924474e+00,
          2.00000000e-01],
       [  9.29018161e+01,   9.97055044e+01,   1.05207277e+01,
          2.00000000e-01],
       [  6.36866867e+01,   9.53228512e+01,   5.07615686e+00,
          2.00000000e-01],
       [  1.26354988e+01,   1.35443495e+02,   8.54875748e+00,
          2.00000000e-01],
       [  1.27391423e+02,   1.65443660e+01,   5.01216386e+00,
          2.00000000e-01],
       [  4.81410200e+01,   6.29051357e+01,   5.00039120e+00,
          2.00000000e-01],
       [  1.02489415e+02,   5.61088531e+00,   5.00004361e+00,
          2.00000000e-01],
       [  6.66579189e+01,   4.00102606e+01,   5.00001431e+00,
          2.00000000e-01],
       [  8.82570618e+01,   1.11997942e+02,   1.47422574e+01,
          2.00000000e-01],
       [  2.86610332e+01,   7.78550934e+01,   5.01951799e+00,
          2.00000000e-01],
       [  3.67965505e+01,   1.88466571e+01,   5.00003630e+00,
          2.00000000e-01],
       [  3.42799469e+01,   1.51288027e+02,   1.59117419e+01,
          2.00000000e-01],
       [  1.90656845e+02,   1.33131996e+02,   5.00523975e+00,
          2.00000000e-01],
       [  1.60605619e+02,   1.03004261e+02,   5.31236670e+00,
          2.00000000e-01],
       [  6.82716052e+01,   1.39152840e+02,   2.17154638e+01,
          2.00000000e-01],
       [  1.59604319e+02,   4.29674003e+01,   8.93321683e+00,
          2.00000000e-01],
       [  1.46632406e+02,   2.25069312e+01,   5.16675378e+00,
          2.00000000e-01],
       [  7.80674514e+01,   1.16550333e+01,   5.00002013e+00,
          2.00000000e-01],
       [  1.14177239e+02,   1.11772226e+02,   1.11480245e+01,
          2.00000000e-01],
       [  1.74336495e+02,   8.98364183e+01,   8.44291816e+00,
          2.00000000e-01],
       [  1.96846131e+02,   1.50787407e+02,   5.00020936e+00,
          2.00000000e-01],
       [  4.09003391e+01,   8.33985265e+01,   5.01331199e+00,
          2.00000000e-01],
       [  1.07290433e+02,   1.19793024e+01,   5.00022798e+00,
          2.00000000e-01],
       [  1.68886921e+02,   1.74108741e+02,   5.00000776e+00,
          2.00000000e-01],
       [  6.10112292e+01,   1.67201435e+02,   8.44539984e+00,
          2.00000000e-01],
       [  6.57407766e+01,   1.53692667e+02,   1.66305583e+01,
          2.00000000e-01],
       [  5.81322084e+01,   1.51342602e+02,   2.05118324e+01,
          2.00000000e-01],
       [  3.91451810e+01,   1.01942079e+02,   5.25334451e+00,
          2.00000000e-01],
       [  1.09154967e+02,   8.00707926e+01,   1.05871600e+01,
          2.00000000e-01],
       [  1.70173859e+02,   1.56834928e+02,   5.00014081e+00,
          2.00000000e-01],
       [  5.19386097e+01,   2.45175663e+01,   5.00000828e+00,
          2.00000000e-01],
       [  1.95548329e+01,   1.38050550e+02,   1.33369826e+01,
          2.00000000e-01],
       [  6.79077193e+01,   6.13397752e+01,   5.00065861e+00,
          2.00000000e-01],
       [  5.63046133e+01,   1.57482987e+02,   1.56097213e+01,
          2.00000000e-01],
       [  9.04931954e+01,   1.34087922e+02,   1.54208342e+01,
          2.00000000e-01],
       [  1.92254473e+02,   5.63719157e+01,   5.44364984e+00,
          2.00000000e-01],
       [  4.61889021e+01,   2.66804462e+01,   5.00001589e+00,
          2.00000000e-01],
       [  6.63331424e+01,   4.65369979e+01,   5.00006511e+00,
          2.00000000e-01],
       [  7.20610081e+01,   1.10105347e+02,   6.44583738e+00,
          2.00000000e-01],
       [  1.96462323e+02,   1.18041232e+02,   5.02912463e+00,
          2.00000000e-01],
       [  1.30446556e+02,   1.00766946e+02,   7.86467642e+00,
          2.00000000e-01],
       [  9.22360383e+01,   1.18716612e+02,   2.02254433e+01,
          2.00000000e-01],
       [  1.01479798e+02,   7.83479109e+01,   6.63122783e+00,
          2.00000000e-01],
       [  2.95671317e+01,   2.80005650e+01,   5.00000706e+00,
          2.00000000e-01],
       [  1.06927741e+02,   1.96878368e+02,   5.00010435e+00,
          2.00000000e-01],
       [  1.12734859e+01,   2.60005297e+01,   5.00000342e+00,
          2.00000000e-01],
       [  1.46400068e+02,   1.85225630e+02,   5.00001277e+00,
          2.00000000e-01],
       [  8.76018806e+00,   1.54531798e+02,   5.15723096e+00,
          2.00000000e-01],
       [  6.45752324e+01,   1.05705850e+01,   4.99998664e+00,
          2.00000000e-01],
       [  4.32907955e-02,   1.69247526e+02,   5.00001928e+00,
          2.00000000e-01],
       [  8.99297425e+01,   6.54429967e+01,   5.02799337e+00,
          2.00000000e-01],
       [  1.52187679e+02,   1.39818347e+02,   5.00129621e+00,
          2.00000000e-01],
       [  7.50676083e+01,   1.18399853e+02,   1.05763164e+01,
          2.00000000e-01],
       [  7.28555284e+01,   1.88511729e+02,   5.07359786e+00,
          2.00000000e-01],
       [  4.10094297e+01,   8.75355442e+01,   5.02419814e+00,
          2.00000000e-01],
       [  5.48452713e+01,   8.36060794e+01,   5.00901949e+00,
          2.00000000e-01],
       [  5.17725031e+01,   2.17166835e+01,   5.00001123e+00,
          2.00000000e-01],
       [  1.41630704e+02,   1.05283444e+02,   5.44724891e+00,
          2.00000000e-01],
       [  1.88124346e+02,   9.38176842e+01,   6.51848120e+00,
          2.00000000e-01],
       [  1.95016841e+02,   1.61836700e+02,   5.00005178e+00,
          2.00000000e-01],
       [  8.73763422e+01,   8.39384558e+01,   5.29459339e+00,
          2.00000000e-01],
       [  1.13237388e+02,   1.87666966e+02,   5.00014196e+00,
          2.00000000e-01],
       [  8.49464581e+01,   1.50311930e+02,   9.00392711e+00,
          2.00000000e-01],
       [  8.10884631e+01,   1.71535627e+01,   5.00003038e+00,
          2.00000000e-01],
       [  1.36265295e+02,   1.22351467e+02,   5.06073529e+00,
          2.00000000e-01],
       [  1.99688467e+02,   1.85828891e+02,   5.00000068e+00,
          2.00000000e-01],
       [  1.55396587e+02,   1.63026112e+02,   5.00003907e+00,
          2.00000000e-01],
       [  4.96820514e-01,   1.79014586e+02,   4.99996631e+00,
          2.00000000e-01],
       [  1.51086416e+02,   7.58602184e+01,   1.57234312e+01,
          2.00000000e-01],
       [  2.92634775e+01,   1.76995922e+02,   5.27920669e+00,
          2.00000000e-01],
       [  5.26870593e+01,   6.73362495e+01,   5.00074692e+00,
          2.00000000e-01],
       [  1.16444264e+02,   5.80430016e+01,   6.12550902e+00,
          2.00000000e-01],
       [  3.56521137e+01,   1.31496419e+02,   1.70925967e+01,
          2.00000000e-01],
       [  8.89146031e+01,   7.61848353e+01,   5.12592086e+00,
          2.00000000e-01],
       [  1.45192597e+02,   7.23175290e+01,   2.00653963e+01,
          2.00000000e-01],
       [  1.71807052e+02,   1.93406634e+02,   5.00000618e+00,
          2.00000000e-01],
       [  1.72577893e+02,   1.37853075e+02,   5.00288323e+00,
          2.00000000e-01],
       [  1.33911766e+02,   1.97665179e+02,   5.00000067e+00,
          2.00000000e-01],
       [  8.34395037e+01,   1.19936462e+02,   1.67604355e+01,
          2.00000000e-01],
       [  1.37598451e+02,   6.96438137e+01,   2.18997051e+01,
          2.00000000e-01],
       [  1.67639761e+02,   3.66878096e+01,   6.32069674e+00,
          2.00000000e-01],
       [  1.45183693e+02,   1.70424125e+02,   4.99999471e+00,
          2.00000000e-01],
       [  4.05679644e+01,   1.30494573e+02,   1.41939540e+01,
          2.00000000e-01],
       [  8.01321306e+01,   2.82163165e+01,   5.00000857e+00,
          2.00000000e-01],
       [  1.26950745e+01,   1.54394076e+02,   5.46786755e+00,
          2.00000000e-01],
       [  6.15121984e+01,   5.12161736e+01,   5.00007583e+00,
          2.00000000e-01],
       [  8.78655816e+01,   1.72599075e+02,   5.11945077e+00,
          2.00000000e-01],
       [  3.46771651e+01,   1.50186270e+02,   1.69559584e+01,
          2.00000000e-01],
       [  1.71370968e+02,   1.89491940e+02,   4.99998156e+00,
          2.00000000e-01],
       [  1.99407996e+02,   3.51664538e+01,   5.00010040e+00,
          2.00000000e-01],
       [  1.01500369e+02,   5.25731231e+01,   5.03889893e+00,
          2.00000000e-01],
       [  9.29543073e+01,   1.47249700e+02,   7.08940945e+00,
          2.00000000e-01]]), array([[ 116.16250982,   53.76485253,    5.58593655,    0.2       ],
       [ 114.75037591,   41.33038801,    5.0709076 ,    0.2       ],
       [ 180.35098944,   86.41736176,   10.48773423,    0.2       ],
       [  48.12527604,  159.20412586,   13.97497535,    0.2       ],
       [ 185.56577237,   16.38827491,    5.00775709,    0.2       ],
       [  20.84768353,  164.42932041,    5.54979034,    0.2       ],
       [ 109.86237269,   25.08035652,    5.00267452,    0.2       ],
       [ 105.73931408,   77.50839549,    7.76959258,    0.2       ],
       [ 130.30909925,   13.84131934,    5.01176313,    0.2       ],
       [  11.39405472,   96.91288585,    5.49117878,    0.2       ],
       [  67.80576518,  172.80175795,    6.10796843,    0.2       ],
       [ 188.23626667,   87.64153612,    7.57520429,    0.2       ],
       [  51.8762097 ,   85.90327386,    5.01239403,    0.2       ],
       [ 115.67937933,  175.12545255,    5.00059071,    0.2       ],
       [ 180.97427893,  152.58372502,    5.00040413,    0.2       ],
       [ 149.99787031,   11.62260147,    5.03953174,    0.2       ],
       [  45.58727466,  110.63206612,    5.57527883,    0.2       ],
       [  72.28460193,   99.28704806,    5.32449529,    0.2       ],
       [  60.63991564,  120.89092548,    7.71468151,    0.2       ],
       [ 101.16658437,  144.86271411,    5.82320747,    0.2       ],
       [  80.25516004,    0.33571565,    4.9999929 ,    0.2       ],
       [  59.89444978,    5.91490639,    4.99999918,    0.2       ],
       [  95.05272283,  109.18946873,   18.09773939,    0.2       ],
       [ 126.11273576,  108.82452955,    6.77772481,    0.2       ],
       [  99.45124316,  181.97333328,    5.00441932,    0.2       ],
       [  48.20385849,   19.11630261,    4.99999565,    0.2       ],
       [ 122.45541841,  108.37260793,    8.13880919,    0.2       ],
       [ 194.37256297,  171.67399298,    5.00002325,    0.2       ],
       [ 193.95354809,  146.98742205,    5.00050547,    0.2       ],
       [  86.75660871,  134.67896246,   17.72856209,    0.2       ],
       [  58.01829766,  161.25605631,   12.22875081,    0.2       ],
       [  42.24269885,  118.27349459,    7.08523284,    0.2       ],
       [ 181.55355487,  109.89561207,    5.25140697,    0.2       ],
       [  25.72740624,  160.54981065,    6.95269849,    0.2       ],
       [ 129.41463472,  195.62037348,    5.00000061,    0.2       ],
       [ 135.54791154,  197.74070099,    4.99999944,    0.2       ],
       [ 162.89637116,   71.868643  ,   18.99961127,    0.2       ],
       [  62.07753719,  175.0785435 ,    6.08956141,    0.2       ],
       [  59.06208732,  135.12515159,   16.84599763,    0.2       ],
       [ 121.98387791,  101.85505387,   11.62797932,    0.2       ],
       [  35.60307133,  125.43619952,   12.52216079,    0.2       ],
       [  31.54280923,  196.00141695,    5.02034219,    0.2       ],
       [  46.49931202,   91.01885721,    5.02952002,    0.2       ],
       [  40.36737757,  194.70513522,    5.05142211,    0.2       ],
       [  87.57918734,   91.07940176,    5.83033458,    0.2       ],
       [ 137.6167735 ,  140.18786214,    5.00363658,    0.2       ],
       [  22.41855136,  168.04652775,    5.43152681,    0.2       ],
       [  49.65480369,   43.08510537,    5.00001338,    0.2       ],
       [  31.63597867,   93.55465507,    5.14432547,    0.2       ],
       [ 168.85460319,  132.09706973,    5.00552194,    0.2       ],
       [  83.59170452,  183.00531269,    5.04635892,    0.2       ],
       [ 193.79996669,    9.35995837,    5.00028065,    0.2       ],
       [ 133.72845144,  134.02782568,    5.013715  ,    0.2       ],
       [ 167.70048396,   73.68196693,   18.2253186 ,    0.2       ],
       [  49.35814948,   36.10463475,    4.99999847,    0.2       ],
       [  32.98255293,   24.04544869,    5.0000002 ,    0.2       ],
       [ 126.55901903,  110.4987893 ,    6.31460834,    0.2       ],
       [ 150.75284986,  196.7213466 ,    4.99999213,    0.2       ],
       [  23.94077924,   13.63567621,    5.00000771,    0.2       ],
       [ 190.18228602,   83.94574553,    7.48132877,    0.2       ],
       [ 157.86678841,   61.30027236,   22.05387517,    0.2       ],
       [ 107.72193014,    6.62358044,    5.00012898,    0.2       ],
       [  43.43777472,   80.56671009,    5.00747907,    0.2       ],
       [ 188.77736869,   12.33296092,    5.00211683,    0.2       ],
       [ 197.49238772,    2.64535373,    5.00001037,    0.2       ],
       [ 189.86460203,   60.28566722,    6.33544401,    0.2       ],
       [  33.45854107,  175.16860352,    5.56554114,    0.2       ],
       [ 115.9778669 ,   92.83830043,   20.06935382,    0.2       ],
       [ 149.26249999,  154.53854319,    5.00014537,    0.2       ],
       [  38.64962306,   44.76295542,    5.00004123,    0.2       ],
       [  15.32928958,  175.21348751,    5.03980199,    0.2       ],
       [ 118.39435507,   49.99130117,    5.49230414,    0.2       ],
       [ 111.27900906,   97.55636026,   20.57288524,    0.2       ],
       [ 168.1465288 ,  109.28253124,    5.16138747,    0.2       ],
       [ 109.48442694,   34.6494018 ,    5.0109026 ,    0.2       ],
       [  90.77814526,  183.68599044,    5.01424107,    0.2       ],
       [  95.1495527 ,   17.72483219,    5.00005435,    0.2       ],
       [ 125.851875  ,  190.25521843,    5.0000304 ,    0.2       ],
       [ 182.54064551,  121.71981953,    5.04461146,    0.2       ],
       [ 146.3446705 ,  113.36467804,    5.08897895,    0.2       ],
       [ 190.73563286,   88.49159225,    6.77432519,    0.2       ],
       [  27.31618623,   81.08568948,    5.03594557,    0.2       ],
       [ 169.84542889,  103.38811324,    5.44211123,    0.2       ],
       [  88.59991738,  111.50781926,   14.61809492,    0.2       ],
       [  68.81169601,   88.89540626,    5.04532286,    0.2       ],
       [  88.51254269,  117.5139553 ,   18.76910278,    0.2       ],
       [  37.69119809,   25.1077036 ,    4.99998818,    0.2       ],
       [  43.00962261,  142.69229821,   21.76501891,    0.2       ],
       [  19.79283091,  170.80306929,    5.18109764,    0.2       ],
       [ 146.18700929,  158.89071549,    5.00010173,    0.2       ],
       [  40.51984558,   95.99730144,    5.09220024,    0.2       ],
       [ 138.82629553,   26.72738402,    5.1952336 ,    0.2       ],
       [  48.57636614,  114.60733214,    5.93321575,    0.2       ],
       [  89.14783561,  193.02393657,    5.00457002,    0.2       ],
       [ 144.77474335,    3.24944573,    5.00804166,    0.2       ],
       [ 140.34063801,   90.67248047,    8.65561814,    0.2       ],
       [  48.66448628,   52.88423575,    5.00010211,    0.2       ],
       [  50.40910749,   47.17750053,    5.00003973,    0.2       ],
       [ 100.65186119,   93.64346653,   12.47013261,    0.2       ],
       [ 119.55023962,   65.37072751,    9.27184053,    0.2       ]])], [1.7369704131547608, 1.6071368861639013], 2, 22.281334161758423]