[[7.3951251747766786, 7.2248927044941214, 7.2375114855409262], [0.88704093125021344, 2.8196834943545763, 1.4613718862024005], [array([[  50.81336979,  125.98369087]]), array([[  4.25338494e+01,   1.95141619e+02],
       [  4.63497425e+01,   4.77151736e+01],
       [  1.42785346e+02,   1.15983338e+02],
       [  3.75018758e+01,   7.66827371e+00],
       [  1.71284158e+02,   1.34415439e+02],
       [  1.81014147e+02,   1.88858216e+02],
       [  1.98787594e+02,   1.57148836e+02],
       [  1.39583876e+02,   1.84239198e+02],
       [  1.40418534e+01,   8.42141763e+01],
       [  2.16409563e-02,   1.32993077e+02],
       [  1.96003432e+02,   3.87793406e+01],
       [  6.87444853e+01,   1.10950878e+02],
       [  1.62882181e+02,   5.65687887e+01],
       [  6.30412081e+01,   7.35036488e+01],
       [  1.99974285e+02,   2.61070141e+00],
       [  5.64155646e+01,   1.15738880e+02],
       [  1.88558881e+02,   1.09371531e+02],
       [  1.73009799e+02,   9.91994489e+01],
       [  2.72577902e+01,   7.80583317e+01],
       [  1.79949597e+02,   7.34608834e+01],
       [  1.83196673e+02,   6.53961998e+01],
       [  2.14334008e+00,   6.50190864e+01],
       [  9.66795897e+01,   1.54583678e+02],
       [  7.58422568e+01,   8.99834378e+01],
       [  1.74776648e+02,   8.14351963e+01],
       [  3.02513658e+01,   4.32354547e+01],
       [  9.36999800e+01,   1.94265261e+02],
       [  1.11592727e+02,   1.78295109e+02],
       [  1.45873613e+02,   3.85261811e+00],
       [  1.83976539e+02,   7.92028840e+00],
       [  1.95883302e+02,   1.60853211e+02],
       [  1.60864492e+02,   1.27909275e+01],
       [  9.35391402e+01,   8.10152158e-01],
       [  1.41890598e+02,   9.98286811e+01],
       [  1.68946130e+02,   1.65707039e+02],
       [  1.15659857e+02,   6.67703349e+01],
       [  7.01529245e+01,   1.71754587e+02],
       [  2.89138948e+01,   5.25328058e+01],
       [  2.80096263e+01,   1.84947518e+02],
       [  1.89530617e+02,   1.88791392e+02],
       [  1.93473785e+02,   7.46856434e+01],
       [  4.98238414e+01,   1.98344266e+02],
       [  9.57569864e+01,   1.52396690e+02],
       [  1.04708537e+02,   1.39666583e+02],
       [  7.33123296e+01,   1.37492245e+02],
       [  4.91060217e+01,   7.77971691e+01],
       [  1.25759602e+02,   3.44447542e+00],
       [  1.29222299e+02,   8.01804123e+01],
       [  1.56244341e+02,   1.49221430e+02],
       [  1.48297246e+02,   1.95968619e+02],
       [  4.17771139e+01,   1.44652070e+02],
       [  1.13256863e+01,   9.54811189e+00],
       [  6.28309132e+01,   1.11629881e+02],
       [  1.37570937e+02,   4.64460803e+01],
       [  1.77475371e+02,   1.96955519e+02],
       [  1.30054592e+02,   1.20847341e+01],
       [  1.59012272e+02,   2.77717591e+01],
       [  9.77445199e+00,   1.88736741e+02],
       [  1.92129366e+02,   1.61661990e+02],
       [  1.01433938e+02,   7.52970800e+01],
       [  1.64613553e+02,   1.87312070e+01],
       [  6.22978316e+01,   9.68329146e+01],
       [  7.67861464e+01,   1.95008492e+02],
       [  1.15771163e+02,   5.48571979e+01],
       [  1.55142073e+02,   6.04678762e+01],
       [  1.06245499e+02,   1.98866455e+02],
       [  6.49948259e+01,   1.69193599e+02],
       [  4.48604411e+01,   6.53322566e+01],
       [  5.56495260e+01,   1.37018928e+02],
       [  5.76293232e+01,   1.40270334e+02],
       [  1.10004120e+02,   1.75475990e+02],
       [  1.95384543e+01,   1.83902308e+02],
       [  9.34537754e+01,   9.29559650e+01],
       [  9.36124815e+01,   1.74923156e+02],
       [  9.09441083e+01,   9.20494738e+00],
       [  1.75133603e+02,   1.39490247e+02],
       [  1.08681289e+02,   3.84222048e+01],
       [  7.94961306e+01,   1.73606981e+02],
       [  5.36613773e+01,   1.98237297e+02],
       [  1.47803143e+02,   9.45123191e+01],
       [  1.15304455e+02,   1.23768423e+02],
       [  1.73713624e+02,   4.45650461e+01],
       [  8.25669934e+01,   1.95177750e+02],
       [  1.13959123e+02,   7.04623490e+01],
       [  1.86737470e+02,   1.71970924e+02],
       [  6.28063760e+01,   1.53196187e+02],
       [  1.53538359e+02,   3.36124514e+01],
       [  4.64319714e+01,   8.51313355e+01],
       [  1.05764476e+02,   6.05286324e+01],
       [  8.73742389e+01,   1.74057862e+02],
       [  2.90962382e+01,   2.85262506e+00],
       [  1.21415485e+02,   1.70063392e+02],
       [  1.13333389e+02,   1.64064912e+02],
       [  1.99254453e+02,   1.91154873e+02],
       [  7.46488559e+00,   8.15295624e+01],
       [  1.91926887e+02,   5.95236928e+01],
       [  9.38344892e+01,   1.57216770e+02],
       [  1.05102215e+02,   7.12736638e+01],
       [  9.78817136e+01,   1.03812751e+02],
       [  4.93209929e+01,   2.96614808e+01]]), array([[  5.98303347e+00,   4.86053532e+01],
       [  1.05663319e+02,   1.79808837e+02],
       [  1.32245733e+02,   1.89495238e+02],
       [  7.40258873e+01,   1.50748263e+02],
       [  4.38731739e+01,   1.86879874e+02],
       [  6.66647992e+01,   8.57794755e+01],
       [  1.99302974e+02,   5.06857213e+01],
       [  1.92145675e+01,   4.18186138e+00],
       [  5.19951131e+01,   6.21211496e+01],
       [  9.54428490e+01,   1.32198633e+02],
       [  1.21290189e+00,   6.03469828e+01],
       [  1.34071029e+02,   1.19428399e+02],
       [  1.90869389e+02,   7.41062307e+01],
       [  9.92046358e+01,   1.88835367e+02],
       [  1.45484767e+02,   1.29507708e+02],
       [  2.41726294e+01,   6.75234110e+01],
       [  9.19363583e+01,   8.61292286e+00],
       [  1.36970654e+01,   1.84004679e+02],
       [  1.13854131e+02,   9.23748657e+01],
       [  7.55913644e+01,   8.82334367e+00],
       [  6.47319323e+01,   9.70938863e+01],
       [  9.18776231e+01,   1.02617543e+02],
       [  1.99455708e+01,   7.51304691e+01],
       [  7.60890310e+01,   1.38151714e+02],
       [  4.84935842e+01,   1.83121756e+02],
       [  7.49545632e+01,   1.42879087e+02],
       [  8.77719109e+01,   4.55052543e+01],
       [  8.14989701e+01,   9.46900088e+01],
       [  1.99614341e+02,   4.47924769e+01],
       [  5.64354426e+01,   9.56556873e+01],
       [  6.32588657e+01,   1.95311956e+02],
       [  1.32604554e+01,   1.94278963e+02],
       [  1.66121683e+02,   1.51979246e+02],
       [  7.82329616e+01,   1.32732587e+02],
       [  9.26531840e+01,   1.86657972e+02],
       [  5.70792480e+01,   6.23395797e+01],
       [  1.67453511e+02,   1.12589049e+02],
       [  1.84603007e+02,   1.07475810e+02],
       [  2.18042712e+01,   7.57482479e+01],
       [  1.95646289e+02,   4.81806466e+01],
       [  3.85837500e+01,   3.72352482e+01],
       [  1.06893846e+02,   1.83215516e+02],
       [  9.64855636e-01,   8.25379753e+01],
       [  2.92832088e+01,   3.46013795e+01],
       [  6.42641147e+01,   1.03428422e+02],
       [  1.21023517e+02,   1.98087729e+02],
       [  1.76542778e+02,   3.25846185e+01],
       [  1.91665243e+02,   2.06545298e+01],
       [  1.11522825e+02,   1.54988453e+02],
       [  7.29114902e+01,   8.69748825e+01],
       [  5.81879472e+01,   9.77808986e+01],
       [  6.50600623e+01,   1.28870204e+02],
       [  1.74120894e+02,   5.46503776e+01],
       [  4.99470530e+01,   1.63602065e+02],
       [  1.38165598e+02,   3.67674616e+01],
       [  4.13700516e+01,   4.32753209e+01],
       [  1.02320883e+02,   1.91302221e+02],
       [  8.13397418e+01,   3.94599112e+01],
       [  1.74427910e+02,   3.72871838e+01],
       [  1.80963552e+01,   1.78635285e+02],
       [  1.45487188e+02,   2.90100160e+01],
       [  1.21059203e+02,   3.81342509e+01],
       [  2.69488337e+01,   6.63651819e+01],
       [  1.07820661e+02,   1.22269516e+01],
       [  1.19350583e+02,   9.32559316e+01],
       [  7.81739974e+01,   1.82692610e+02],
       [  1.22590619e+02,   1.06565617e+02],
       [  1.94461175e+02,   9.01678977e+01],
       [  1.86780931e+02,   9.81692489e+01],
       [  7.53521807e+01,   1.26089979e+02],
       [  1.07381723e+02,   7.42891577e+01],
       [  2.94211794e+01,   7.06072083e+01],
       [  1.49202864e+02,   7.80546335e+01],
       [  1.15224680e+02,   4.57476925e+01],
       [  3.69073269e+00,   8.79479947e+01],
       [  1.40664628e+01,   1.34593880e+02],
       [  1.01577689e+02,   2.51845082e+01],
       [  1.84654238e+02,   4.34693519e+01],
       [  3.25197307e+01,   1.95739298e+01],
       [  1.11187066e+02,   1.10717305e+02],
       [  1.01732839e+02,   3.20108692e+01],
       [  1.37862745e+02,   1.88718084e+02],
       [  3.40525013e+01,   8.57586350e+01],
       [  1.27545278e+01,   5.22324114e+01],
       [  1.99076111e+02,   2.72687720e+01],
       [  9.72141241e+01,   4.51956146e+01],
       [  1.70785158e+02,   1.16737858e+02],
       [  1.10583873e+01,   8.55440445e+00],
       [  4.71301333e+01,   6.44182817e+01],
       [  1.52361715e-01,   1.54702298e+02],
       [  2.20939092e+01,   7.36616348e+01],
       [  1.88710024e+02,   1.15841425e+02],
       [  5.75085231e+01,   1.76928453e+02],
       [  1.15412192e+02,   1.83593079e+01],
       [  2.04977675e+01,   9.01958814e+01],
       [  8.18591603e+01,   9.73705236e+01],
       [  1.57534447e+02,   5.21945001e+00],
       [  1.16574439e+02,   6.53492541e+01],
       [  1.08011085e+01,   1.42418507e+02],
       [  2.72031450e+01,   1.11038229e+02]])], [array([[  50.81336979,  125.98369087,    9.35385642,    0.2       ]]), array([[  4.25338494e+01,   1.95141619e+02,   5.05352940e+00,
          2.00000000e-01],
       [  4.63497425e+01,   4.77151736e+01,   5.00005102e+00,
          2.00000000e-01],
       [  1.42785346e+02,   1.15983338e+02,   5.08137325e+00,
          2.00000000e-01],
       [  3.75018758e+01,   7.66827371e+00,   5.00000352e+00,
          2.00000000e-01],
       [  1.71284158e+02,   1.34415439e+02,   5.00432849e+00,
          2.00000000e-01],
       [  1.81014147e+02,   1.88858216e+02,   4.99999464e+00,
          2.00000000e-01],
       [  1.98787594e+02,   1.57148836e+02,   5.00004771e+00,
          2.00000000e-01],
       [  1.39583876e+02,   1.84239198e+02,   5.00001135e+00,
          2.00000000e-01],
       [  1.40418534e+01,   8.42141763e+01,   5.08966317e+00,
          2.00000000e-01],
       [  2.16409563e-02,   1.32993077e+02,   5.01081341e+00,
          2.00000000e-01],
       [  1.96003432e+02,   3.87793406e+01,   5.00706522e+00,
          2.00000000e-01],
       [  6.87444853e+01,   1.10950878e+02,   6.16028854e+00,
          2.00000000e-01],
       [  1.62882181e+02,   5.65687887e+01,   1.87201818e+01,
          2.00000000e-01],
       [  6.30412081e+01,   7.35036488e+01,   5.00272703e+00,
          2.00000000e-01],
       [  1.99974285e+02,   2.61070141e+00,   4.99998584e+00,
          2.00000000e-01],
       [  5.64155646e+01,   1.15738880e+02,   6.11047288e+00,
          2.00000000e-01],
       [  1.88558881e+02,   1.09371531e+02,   5.20309742e+00,
          2.00000000e-01],
       [  1.73009799e+02,   9.91994489e+01,   5.97386647e+00,
          2.00000000e-01],
       [  2.72577902e+01,   7.80583317e+01,   5.02308789e+00,
          2.00000000e-01],
       [  1.79949597e+02,   7.34608834e+01,   1.62084174e+01,
          2.00000000e-01],
       [  1.83196673e+02,   6.53961998e+01,   1.19575524e+01,
          2.00000000e-01],
       [  2.14334008e+00,   6.50190864e+01,   5.00228916e+00,
          2.00000000e-01],
       [  9.66795897e+01,   1.54583678e+02,   5.41500942e+00,
          2.00000000e-01],
       [  7.58422568e+01,   8.99834378e+01,   5.12449225e+00,
          2.00000000e-01],
       [  1.74776648e+02,   8.14351963e+01,   1.33744591e+01,
          2.00000000e-01],
       [  3.02513658e+01,   4.32354547e+01,   5.00007466e+00,
          2.00000000e-01],
       [  9.36999800e+01,   1.94265261e+02,   5.00182875e+00,
          2.00000000e-01],
       [  1.11592727e+02,   1.78295109e+02,   5.00076171e+00,
          2.00000000e-01],
       [  1.45873613e+02,   3.85261811e+00,   5.00954717e+00,
          2.00000000e-01],
       [  1.83976539e+02,   7.92028840e+00,   5.00296697e+00,
          2.00000000e-01],
       [  1.95883302e+02,   1.60853211e+02,   5.00005183e+00,
          2.00000000e-01],
       [  1.60864492e+02,   1.27909275e+01,   5.05040073e+00,
          2.00000000e-01],
       [  9.35391402e+01,   8.10152158e-01,   5.00000860e+00,
          2.00000000e-01],
       [  1.41890598e+02,   9.98286811e+01,   5.98591467e+00,
          2.00000000e-01],
       [  1.68946130e+02,   1.65707039e+02,   5.00003537e+00,
          2.00000000e-01],
       [  1.15659857e+02,   6.67703349e+01,   8.01364799e+00,
          2.00000000e-01],
       [  7.01529245e+01,   1.71754587e+02,   6.08763078e+00,
          2.00000000e-01],
       [  2.89138948e+01,   5.25328058e+01,   5.00041349e+00,
          2.00000000e-01],
       [  2.80096263e+01,   1.84947518e+02,   5.07650747e+00,
          2.00000000e-01],
       [  1.89530617e+02,   1.88791392e+02,   4.99998928e+00,
          2.00000000e-01],
       [  1.93473785e+02,   7.46856434e+01,   6.31393479e+00,
          2.00000000e-01],
       [  4.98238414e+01,   1.98344266e+02,   5.03640579e+00,
          2.00000000e-01],
       [  9.57569864e+01,   1.52396690e+02,   5.67684075e+00,
          2.00000000e-01],
       [  1.04708537e+02,   1.39666583e+02,   5.90163853e+00,
          2.00000000e-01],
       [  7.33123296e+01,   1.37492245e+02,   2.15357995e+01,
          2.00000000e-01],
       [  4.91060217e+01,   7.77971691e+01,   5.00396203e+00,
          2.00000000e-01],
       [  1.25759602e+02,   3.44447542e+00,   5.00129318e+00,
          2.00000000e-01],
       [  1.29222299e+02,   8.01804123e+01,   2.04889584e+01,
          2.00000000e-01],
       [  1.56244341e+02,   1.49221430e+02,   5.00028212e+00,
          2.00000000e-01],
       [  1.48297246e+02,   1.95968619e+02,   5.00000569e+00,
          2.00000000e-01],
       [  4.17771139e+01,   1.44652070e+02,   2.18586231e+01,
          2.00000000e-01],
       [  1.13256863e+01,   9.54811189e+00,   4.99999666e+00,
          2.00000000e-01],
       [  6.28309132e+01,   1.11629881e+02,   5.79395678e+00,
          2.00000000e-01],
       [  1.37570937e+02,   4.64460803e+01,   7.86798420e+00,
          2.00000000e-01],
       [  1.77475371e+02,   1.96955519e+02,   4.99999778e+00,
          2.00000000e-01],
       [  1.30054592e+02,   1.20847341e+01,   5.00884582e+00,
          2.00000000e-01],
       [  1.59012272e+02,   2.77717591e+01,   5.48613115e+00,
          2.00000000e-01],
       [  9.77445199e+00,   1.88736741e+02,   5.00141709e+00,
          2.00000000e-01],
       [  1.92129366e+02,   1.61661990e+02,   5.00007220e+00,
          2.00000000e-01],
       [  1.01433938e+02,   7.52970800e+01,   6.07202696e+00,
          2.00000000e-01],
       [  1.64613553e+02,   1.87312070e+01,   5.10550946e+00,
          2.00000000e-01],
       [  6.22978316e+01,   9.68329146e+01,   5.08965774e+00,
          2.00000000e-01],
       [  7.67861464e+01,   1.95008492e+02,   5.01784130e+00,
          2.00000000e-01],
       [  1.15771163e+02,   5.48571979e+01,   5.64212127e+00,
          2.00000000e-01],
       [  1.55142073e+02,   6.04678762e+01,   2.17820032e+01,
          2.00000000e-01],
       [  1.06245499e+02,   1.98866455e+02,   5.00007322e+00,
          2.00000000e-01],
       [  6.49948259e+01,   1.69193599e+02,   7.22070795e+00,
          2.00000000e-01],
       [  4.48604411e+01,   6.53322566e+01,   5.00064392e+00,
          2.00000000e-01],
       [  5.56495260e+01,   1.37018928e+02,   1.79765220e+01,
          2.00000000e-01],
       [  5.76293232e+01,   1.40270334e+02,   2.04528511e+01,
          2.00000000e-01],
       [  1.10004120e+02,   1.75475990e+02,   5.00156556e+00,
          2.00000000e-01],
       [  1.95384543e+01,   1.83902308e+02,   5.02386742e+00,
          2.00000000e-01],
       [  9.34537754e+01,   9.29559650e+01,   7.81726058e+00,
          2.00000000e-01],
       [  9.36124815e+01,   1.74923156e+02,   5.03361883e+00,
          2.00000000e-01],
       [  9.09441083e+01,   9.20494738e+00,   5.00000124e+00,
          2.00000000e-01],
       [  1.75133603e+02,   1.39490247e+02,   5.00268098e+00,
          2.00000000e-01],
       [  1.08681289e+02,   3.84222048e+01,   5.01688476e+00,
          2.00000000e-01],
       [  7.94961306e+01,   1.73606981e+02,   5.32612027e+00,
          2.00000000e-01],
       [  5.36613773e+01,   1.98237297e+02,   5.03755329e+00,
          2.00000000e-01],
       [  1.47803143e+02,   9.45123191e+01,   6.33770946e+00,
          2.00000000e-01],
       [  1.15304455e+02,   1.23768423e+02,   6.31139022e+00,
          2.00000000e-01],
       [  1.73713624e+02,   4.45650461e+01,   7.46820862e+00,
          2.00000000e-01],
       [  8.25669934e+01,   1.95177750e+02,   5.00838740e+00,
          2.00000000e-01],
       [  1.13959123e+02,   7.04623490e+01,   8.78297267e+00,
          2.00000000e-01],
       [  1.86737470e+02,   1.71970924e+02,   5.00002458e+00,
          2.00000000e-01],
       [  6.28063760e+01,   1.53196187e+02,   1.81051992e+01,
          2.00000000e-01],
       [  1.53538359e+02,   3.36124514e+01,   6.12360268e+00,
          2.00000000e-01],
       [  4.64319714e+01,   8.51313355e+01,   5.01229818e+00,
          2.00000000e-01],
       [  1.05764476e+02,   6.05286324e+01,   5.27442082e+00,
          2.00000000e-01],
       [  8.73742389e+01,   1.74057862e+02,   5.10163047e+00,
          2.00000000e-01],
       [  2.90962382e+01,   2.85262506e+00,   4.99999853e+00,
          2.00000000e-01],
       [  1.21415485e+02,   1.70063392e+02,   5.00048983e+00,
          2.00000000e-01],
       [  1.13333389e+02,   1.64064912e+02,   5.00488059e+00,
          2.00000000e-01],
       [  1.99254453e+02,   1.91154873e+02,   4.99999471e+00,
          2.00000000e-01],
       [  7.46488559e+00,   8.15295624e+01,   5.04628394e+00,
          2.00000000e-01],
       [  1.91926887e+02,   5.95236928e+01,   5.69280829e+00,
          2.00000000e-01],
       [  9.38344892e+01,   1.57216770e+02,   5.44467618e+00,
          2.00000000e-01],
       [  1.05102215e+02,   7.12736638e+01,   6.11812754e+00,
          2.00000000e-01],
       [  9.78817136e+01,   1.03812751e+02,   1.67958783e+01,
          2.00000000e-01],
       [  4.93209929e+01,   2.96614808e+01,   4.99999358e+00,
          2.00000000e-01]]), array([[  5.98303347e+00,   4.86053532e+01,   5.00029002e+00,
          2.00000000e-01],
       [  1.05663319e+02,   1.79808837e+02,   5.00183325e+00,
          2.00000000e-01],
       [  1.32245733e+02,   1.89495238e+02,   5.00000577e+00,
          2.00000000e-01],
       [  7.40258873e+01,   1.50748263e+02,   1.47094269e+01,
          2.00000000e-01],
       [  4.38731739e+01,   1.86879874e+02,   5.20468932e+00,
          2.00000000e-01],
       [  6.66647992e+01,   8.57794755e+01,   5.02277317e+00,
          2.00000000e-01],
       [  1.99302974e+02,   5.06857213e+01,   5.00243209e+00,
          2.00000000e-01],
       [  1.92145675e+01,   4.18186138e+00,   5.00000799e+00,
          2.00000000e-01],
       [  5.19951131e+01,   6.21211496e+01,   5.00035524e+00,
          2.00000000e-01],
       [  9.54428490e+01,   1.32198633e+02,   1.28138977e+01,
          2.00000000e-01],
       [  1.21290189e+00,   6.03469828e+01,   5.00109384e+00,
          2.00000000e-01],
       [  1.34071029e+02,   1.19428399e+02,   5.12475344e+00,
          2.00000000e-01],
       [  1.90869389e+02,   7.41062307e+01,   7.40371413e+00,
          2.00000000e-01],
       [  9.92046358e+01,   1.88835367e+02,   5.00170445e+00,
          2.00000000e-01],
       [  1.45484767e+02,   1.29507708e+02,   5.00849110e+00,
          2.00000000e-01],
       [  2.41726294e+01,   6.75234110e+01,   5.00582896e+00,
          2.00000000e-01],
       [  9.19363583e+01,   8.61292286e+00,   4.99998554e+00,
          2.00000000e-01],
       [  1.36970654e+01,   1.84004679e+02,   5.00767495e+00,
          2.00000000e-01],
       [  1.13854131e+02,   9.23748657e+01,   2.01716141e+01,
          2.00000000e-01],
       [  7.55913644e+01,   8.82334367e+00,   5.00000257e+00,
          2.00000000e-01],
       [  6.47319323e+01,   9.70938863e+01,   5.10883033e+00,
          2.00000000e-01],
       [  9.18776231e+01,   1.02617543e+02,   1.14090419e+01,
          2.00000000e-01],
       [  1.99455708e+01,   7.51304691e+01,   5.02382046e+00,
          2.00000000e-01],
       [  7.60890310e+01,   1.38151714e+02,   2.11365297e+01,
          2.00000000e-01],
       [  4.84935842e+01,   1.83121756e+02,   5.40216709e+00,
          2.00000000e-01],
       [  7.49545632e+01,   1.42879087e+02,   1.97147898e+01,
          2.00000000e-01],
       [  8.77719109e+01,   4.55052543e+01,   5.00096354e+00,
          2.00000000e-01],
       [  8.14989701e+01,   9.46900088e+01,   5.57353632e+00,
          2.00000000e-01],
       [  1.99614341e+02,   4.47924769e+01,   5.00049801e+00,
          2.00000000e-01],
       [  5.64354426e+01,   9.56556873e+01,   5.05774194e+00,
          2.00000000e-01],
       [  6.32588657e+01,   1.95311956e+02,   5.05062987e+00,
          2.00000000e-01],
       [  1.32604554e+01,   1.94278963e+02,   5.00146885e+00,
          2.00000000e-01],
       [  1.66121683e+02,   1.51979246e+02,   5.00025381e+00,
          2.00000000e-01],
       [  7.82329616e+01,   1.32732587e+02,   2.09820938e+01,
          2.00000000e-01],
       [  9.26531840e+01,   1.86657972e+02,   5.00691671e+00,
          2.00000000e-01],
       [  5.70792480e+01,   6.23395797e+01,   5.00037248e+00,
          2.00000000e-01],
       [  1.67453511e+02,   1.12589049e+02,   5.09513135e+00,
          2.00000000e-01],
       [  1.84603007e+02,   1.07475810e+02,   5.32689807e+00,
          2.00000000e-01],
       [  2.18042712e+01,   7.57482479e+01,   5.02442356e+00,
          2.00000000e-01],
       [  1.95646289e+02,   4.81806466e+01,   5.03470041e+00,
          2.00000000e-01],
       [  3.85837500e+01,   3.72352482e+01,   5.00000349e+00,
          2.00000000e-01],
       [  1.06893846e+02,   1.83215516e+02,   5.00088400e+00,
          2.00000000e-01],
       [  9.64855636e-01,   8.25379753e+01,   5.02600040e+00,
          2.00000000e-01],
       [  2.92832088e+01,   3.46013795e+01,   5.00002189e+00,
          2.00000000e-01],
       [  6.42641147e+01,   1.03428422e+02,   5.26981957e+00,
          2.00000000e-01],
       [  1.21023517e+02,   1.98087729e+02,   5.00001056e+00,
          2.00000000e-01],
       [  1.76542778e+02,   3.25846185e+01,   5.35289362e+00,
          2.00000000e-01],
       [  1.91665243e+02,   2.06545298e+01,   5.00311535e+00,
          2.00000000e-01],
       [  1.11522825e+02,   1.54988453e+02,   5.02547194e+00,
          2.00000000e-01],
       [  7.29114902e+01,   8.69748825e+01,   5.05324130e+00,
          2.00000000e-01],
       [  5.81879472e+01,   9.77808986e+01,   5.08593096e+00,
          2.00000000e-01],
       [  6.50600623e+01,   1.28870204e+02,   1.31425838e+01,
          2.00000000e-01],
       [  1.74120894e+02,   5.46503776e+01,   1.26189313e+01,
          2.00000000e-01],
       [  4.99470530e+01,   1.63602065e+02,   1.09486272e+01,
          2.00000000e-01],
       [  1.38165598e+02,   3.67674616e+01,   5.81539739e+00,
          2.00000000e-01],
       [  4.13700516e+01,   4.32753209e+01,   5.00003415e+00,
          2.00000000e-01],
       [  1.02320883e+02,   1.91302221e+02,   5.00066994e+00,
          2.00000000e-01],
       [  8.13397418e+01,   3.94599112e+01,   5.00014646e+00,
          2.00000000e-01],
       [  1.74427910e+02,   3.72871838e+01,   5.87355886e+00,
          2.00000000e-01],
       [  1.80963552e+01,   1.78635285e+02,   5.03937926e+00,
          2.00000000e-01],
       [  1.45487188e+02,   2.90100160e+01,   5.43829567e+00,
          2.00000000e-01],
       [  1.21059203e+02,   3.81342509e+01,   5.13102652e+00,
          2.00000000e-01],
       [  2.69488337e+01,   6.63651819e+01,   5.00382076e+00,
          2.00000000e-01],
       [  1.07820661e+02,   1.22269516e+01,   5.00029269e+00,
          2.00000000e-01],
       [  1.19350583e+02,   9.32559316e+01,   1.88513371e+01,
          2.00000000e-01],
       [  7.81739974e+01,   1.82692610e+02,   5.09811965e+00,
          2.00000000e-01],
       [  1.22590619e+02,   1.06565617e+02,   8.83079936e+00,
          2.00000000e-01],
       [  1.94461175e+02,   9.01678977e+01,   5.89621911e+00,
          2.00000000e-01],
       [  1.86780931e+02,   9.81692489e+01,   6.04582465e+00,
          2.00000000e-01],
       [  7.53521807e+01,   1.26089979e+02,   1.62434315e+01,
          2.00000000e-01],
       [  1.07381723e+02,   7.42891577e+01,   7.33493503e+00,
          2.00000000e-01],
       [  2.94211794e+01,   7.06072083e+01,   5.00588615e+00,
          2.00000000e-01],
       [  1.49202864e+02,   7.80546335e+01,   1.42660781e+01,
          2.00000000e-01],
       [  1.15224680e+02,   4.57476925e+01,   5.14637751e+00,
          2.00000000e-01],
       [  3.69073269e+00,   8.79479947e+01,   5.07545184e+00,
          2.00000000e-01],
       [  1.40664628e+01,   1.34593880e+02,   9.86794056e+00,
          2.00000000e-01],
       [  1.01577689e+02,   2.51845082e+01,   5.00062431e+00,
          2.00000000e-01],
       [  1.84654238e+02,   4.34693519e+01,   5.49582352e+00,
          2.00000000e-01],
       [  3.25197307e+01,   1.95739298e+01,   5.00001337e+00,
          2.00000000e-01],
       [  1.11187066e+02,   1.10717305e+02,   1.40266256e+01,
          2.00000000e-01],
       [  1.01732839e+02,   3.20108692e+01,   5.00184596e+00,
          2.00000000e-01],
       [  1.37862745e+02,   1.88718084e+02,   4.99999663e+00,
          2.00000000e-01],
       [  3.40525013e+01,   8.57586350e+01,   5.03486853e+00,
          2.00000000e-01],
       [  1.27545278e+01,   5.22324114e+01,   5.00074377e+00,
          2.00000000e-01],
       [  1.99076111e+02,   2.72687720e+01,   5.00004043e+00,
          2.00000000e-01],
       [  9.72141241e+01,   4.51956146e+01,   5.00543828e+00,
          2.00000000e-01],
       [  1.70785158e+02,   1.16737858e+02,   5.06309932e+00,
          2.00000000e-01],
       [  1.10583873e+01,   8.55440445e+00,   5.00000143e+00,
          2.00000000e-01],
       [  4.71301333e+01,   6.44182817e+01,   5.00048273e+00,
          2.00000000e-01],
       [  1.52361715e-01,   1.54702298e+02,   5.00008095e+00,
          2.00000000e-01],
       [  2.20939092e+01,   7.36616348e+01,   5.01730206e+00,
          2.00000000e-01],
       [  1.88710024e+02,   1.15841425e+02,   5.08002471e+00,
          2.00000000e-01],
       [  5.75085231e+01,   1.76928453e+02,   5.95475919e+00,
          2.00000000e-01],
       [  1.15412192e+02,   1.83593079e+01,   5.00252152e+00,
          2.00000000e-01],
       [  2.04977675e+01,   9.01958814e+01,   5.21534757e+00,
          2.00000000e-01],
       [  8.18591603e+01,   9.73705236e+01,   5.89977088e+00,
          2.00000000e-01],
       [  1.57534447e+02,   5.21945001e+00,   5.01630039e+00,
          2.00000000e-01],
       [  1.16574439e+02,   6.53492541e+01,   7.87814475e+00,
          2.00000000e-01],
       [  1.08011085e+01,   1.42418507e+02,   6.32213854e+00,
          2.00000000e-01],
       [  2.72031450e+01,   1.11038229e+02,   7.59143265e+00,
          2.00000000e-01]])], [1.7369704131547608, 1.8575511199066068], 2, 21.830720901489258]