[[5.0763044571668523, 5.271823354834023, 5.2618207542069682], [0.23085880898702776, 0.43197920634774395, 0.43196898279126172], [array([[  14.219713  ,   14.08889775],
       [ 120.30432489,   54.32261556],
       [  78.94224861,  164.73355128],
       [  89.82909062,  106.69149795],
       [  53.99780915,  131.96153903],
       [  92.44318559,  143.39663514],
       [ 191.91460048,   22.92253634],
       [  85.234291  ,   82.85414095],
       [  99.54953666,  164.52556389],
       [ 142.56679078,   34.21135934]]), array([[ 125.6281407,  160.8040201]]), array([[  53.26633166,  102.51256281]]), array([[  45.22613065,  153.76884422]])], [array([[  14.219713  ,   14.08889775,    5.00000288,    0.2       ],
       [ 120.30432489,   54.32261556,    6.22100263,    0.2       ],
       [  78.94224861,  164.73355128,    6.26842736,    0.2       ],
       [  89.82909062,  106.69149795,   12.27151851,    0.2       ],
       [  53.99780915,  131.96153903,   13.34760267,    0.2       ],
       [  92.44318559,  143.39663514,    8.55513047,    0.2       ],
       [ 191.91460048,   22.92253634,    5.00398635,    0.2       ],
       [  85.234291  ,   82.85414095,    5.17688528,    0.2       ],
       [  99.54953666,  164.52556389,    5.06130221,    0.2       ],
       [ 142.56679078,   34.21135934,    5.78752287,    0.2       ]]), array([[ 125.6281407 ,  160.8040201 ,    5.00091728,    0.2       ]]), array([[  53.26633166,  102.51256281,    5.15567788,    0.2       ]]), array([[  45.22613065,  153.76884422,   18.42602309,    0.2       ]])], [0.0089709909926588248, 0.0083905115618752753, 0.0083763671510884066], 3, 21.413320064544678]