[[5.0763044571668523, 5.922054519411847, 0.00049835477158339603], [0.23085880898702776, 0.42313538722310423, 6.3819594233692936], [array([[  50.57677566,  116.3554794 ]]), array([[  4.80849909e+01,   1.74401149e+02],
       [  7.11738134e+01,   1.67569332e+02],
       [  1.73318492e+02,   1.32940805e+02],
       [  3.38017798e+00,   1.36575236e+02],
       [  9.95377995e-02,   1.71279572e+02],
       [  5.62738957e+00,   1.86002305e+02],
       [  1.82499243e+02,   5.26534915e+01],
       [  1.49987494e+02,   4.62665937e+01],
       [  3.84426768e+01,   1.87215002e+01],
       [  1.10668396e+02,   7.71469028e+01],
       [  4.98270486e+01,   1.93084917e+02],
       [  7.21401798e+01,   4.54872099e+01],
       [  9.47196836e+01,   8.09101711e+01],
       [  5.96099231e+01,   1.02240165e+02],
       [  9.77889679e+01,   1.64980381e+02],
       [  1.56640459e+02,   9.50811384e+01],
       [  1.62188896e+01,   6.74760226e+01],
       [  3.04006566e+01,   6.05927125e+01],
       [  4.46857322e+01,   1.43109642e+02],
       [  1.38285995e+02,   1.92673200e+02],
       [  1.07705912e+02,   5.05455806e+01],
       [  7.35786662e+00,   1.84432092e+02],
       [  1.24084161e+02,   4.65146681e+01],
       [  2.05255751e+01,   6.77644912e+01],
       [  1.77692721e+02,   1.25729615e+02],
       [  1.98056292e+02,   6.24461319e+01],
       [  1.20259265e+02,   6.49686139e+01],
       [  4.99035532e+01,   1.17731582e+02],
       [  1.90145921e+02,   1.17049840e+02],
       [  4.33437570e+01,   9.11029303e+01],
       [  1.80557228e+02,   1.67218986e+02],
       [  1.35434398e+02,   1.54730430e+01],
       [  1.00566147e+02,   1.04801418e+01],
       [  1.18989187e+01,   1.29942643e+02],
       [  1.75127254e+02,   9.62525340e+01],
       [  1.81046531e+02,   1.31586169e+02],
       [  2.42449816e+00,   9.97479863e+01],
       [  1.99967564e+02,   7.49977963e+00],
       [  8.06110327e+01,   1.27576207e+02],
       [  1.50912985e+01,   1.82117680e+02],
       [  5.72384463e+01,   1.85907432e+02],
       [  4.29059644e+01,   9.85579612e+01],
       [  1.89413378e+01,   1.81497630e+01],
       [  7.32180563e+01,   3.48604627e+01],
       [  1.34097190e+02,   1.10510288e+02],
       [  1.57806785e+02,   1.44839248e+02],
       [  1.36753865e+02,   1.55501773e+02],
       [  7.44195046e+01,   1.26061089e+02],
       [  1.82534215e+02,   1.31522503e+01],
       [  1.78408762e+02,   2.75517263e+00],
       [  4.14250710e+01,   1.74335704e+02],
       [  1.30416979e+02,   1.62660494e+01],
       [  5.91249902e+01,   5.69564858e+01],
       [  1.70056675e+01,   3.00629306e+01],
       [  1.03804958e+01,   9.12088411e+01],
       [  1.50489700e+02,   1.24424942e+02],
       [  1.53258393e+02,   1.14764822e+02],
       [  6.35621968e+01,   3.25988390e+01],
       [  1.90750050e+01,   1.96654466e+02],
       [  7.42407199e+01,   8.04875257e+01],
       [  1.66412763e+02,   1.20099216e+02],
       [  3.73390841e+01,   1.67871916e+02],
       [  1.97103762e+02,   1.51055122e+02],
       [  1.50354956e+02,   7.63698953e+01],
       [  2.97644736e+01,   4.27444317e+00],
       [  1.82031808e+02,   1.96298061e+02],
       [  4.59146577e+01,   1.88717574e+02],
       [  1.91651157e+02,   1.62292214e+02],
       [  9.80798858e+01,   8.93806232e+01],
       [  7.03949388e+01,   1.21199261e+02],
       [  1.95638316e+01,   7.00960130e+01],
       [  4.20788568e+01,   8.41684379e+01],
       [  1.51513418e+02,   2.35037467e+01],
       [  8.36125610e+01,   8.56743545e+01],
       [  1.49954610e+02,   1.14186569e+02],
       [  1.29017561e+02,   9.58316512e+01],
       [  5.77277823e+01,   1.34986408e+02],
       [  5.31262551e+01,   1.34803745e+02],
       [  4.29004928e+00,   9.79495537e+01],
       [  1.38839674e+02,   1.51625286e+02],
       [  1.30411933e+02,   8.98878096e+00],
       [  6.19162035e+01,   7.22461353e+01],
       [  1.67773387e+01,   1.26623921e+02],
       [  1.91490536e+02,   3.09892090e+01],
       [  1.23244310e+02,   1.95112230e+02],
       [  7.12523808e+01,   1.07555562e+02],
       [  1.97038893e+01,   1.48475953e+02],
       [  4.35964493e+01,   7.82160861e+00],
       [  5.14785315e+00,   1.41222581e+01],
       [  9.65446652e+01,   2.66957393e+01],
       [  1.20219345e+02,   5.85476096e+01],
       [  1.24647828e+02,   1.08254707e+02],
       [  9.80703870e+01,   8.56344032e+01],
       [  1.69233773e+02,   1.54320805e+02],
       [  1.57267069e+02,   1.11449277e+02],
       [  3.58934180e+00,   1.00926399e+02],
       [  1.78127816e+01,   4.26622021e+01],
       [  2.41307416e+01,   1.52104671e+02],
       [  8.18138973e+01,   1.89851652e+02],
       [  1.16856096e+02,   9.04132630e+01]]), array([[ 148.43612932,   11.79193917],
       [ 193.38471613,  136.46178626],
       [ 161.48978309,   57.64513494],
       [ 154.18650616,   13.44269349],
       [  93.58141907,   74.93569373],
       [ 173.11534236,   11.05341076],
       [  14.32749101,  155.85143887],
       [ 184.14712318,   65.16528133],
       [   7.27241265,  120.12457097],
       [  14.04496883,   39.13684335],
       [  81.45778754,  155.31216773],
       [ 146.45176755,  141.27226599],
       [  91.36047466,  174.24147251],
       [  61.86466671,  188.0545716 ],
       [  15.89803571,  174.40599179],
       [  86.46548123,   67.52326478],
       [ 182.68715205,  167.10564941],
       [  32.35131379,  169.67905253],
       [ 165.86278246,    5.24767345],
       [  38.22217069,   37.85896628],
       [  60.66053887,    8.73299955],
       [  62.76618953,   97.04376227],
       [ 166.56100285,  185.30621178],
       [  77.68617758,  179.48291119],
       [ 100.83015846,  121.54961264],
       [  97.02360711,   71.88568435],
       [  93.50211764,   40.19914796],
       [   5.21993049,   74.20720993],
       [  57.07882674,  140.9960489 ],
       [  17.22224195,   70.40496902],
       [  65.27176951,  146.60539171],
       [ 158.93984632,  166.05011446],
       [  53.51125177,  143.91208277],
       [ 151.29960012,  178.36734309],
       [ 197.04716457,   32.03800165],
       [  11.93380305,  191.29964582],
       [  39.16410809,   57.91245905],
       [ 170.20409161,   63.89882241],
       [ 173.46191966,  158.45646469],
       [ 138.81756657,   45.73991951],
       [ 195.17093282,  157.88516308],
       [ 186.60874174,   66.60395444],
       [ 154.83945354,  141.57654065],
       [  84.27833262,   22.44443657],
       [ 165.07640181,  131.06624092],
       [ 111.18324223,  185.47909709],
       [  20.65666748,  198.39784766],
       [ 131.5661479 ,  107.87591836],
       [ 117.042729  ,   39.70497443],
       [   2.88519306,   93.12939083],
       [  57.21769224,   65.36734606],
       [  84.84664576,   55.89886906],
       [ 135.09521966,   93.17247759],
       [  81.66198535,  185.05702179],
       [  50.49703282,  159.08089705],
       [  87.74507499,  193.90597145],
       [ 186.02124444,   39.11184602],
       [  46.67613281,   66.95979277],
       [ 153.1517282 ,  141.61506907],
       [  79.85173025,   82.96933751],
       [  29.80223438,  141.95445211],
       [  65.44520769,   41.79844282],
       [  61.99070405,   57.76035193],
       [  65.80488525,  150.34407858],
       [  21.98117385,  184.6475904 ],
       [  27.7370869 ,  191.20601536],
       [  49.71087701,  183.8678445 ],
       [ 192.78617323,  126.30469776],
       [  23.04168779,  193.44562741],
       [ 144.00744622,    4.21313708],
       [  23.43363484,    4.46586733],
       [ 184.54560608,  121.81228337],
       [  88.14355333,   50.46765802],
       [ 101.79021318,   92.7882038 ],
       [   9.99107619,  155.82514916],
       [  79.12795903,   16.60031841],
       [ 137.166614  ,   44.02063253],
       [  93.87171275,   40.24488676],
       [   6.59606612,  122.10338935],
       [  90.19903724,   88.06849598],
       [  61.67422765,  129.73408787],
       [  81.4588616 ,  109.74412061],
       [  83.67981686,   99.30545135],
       [ 103.81529454,  113.69145786],
       [  50.17022419,  155.29135675],
       [ 194.85492968,   17.50641206],
       [  46.04970151,  120.95893535],
       [ 142.2972132 ,   91.4778625 ],
       [ 150.2433073 ,  157.78210922],
       [ 124.84784787,   82.19808878],
       [  91.47511378,   23.08375229],
       [   6.18665877,  173.01972004],
       [  98.01333098,   29.88777344],
       [  47.57415095,   71.54690082],
       [  82.12350861,   78.71088576],
       [ 188.15160313,   12.16029378],
       [ 144.19181043,  146.99944758],
       [ 130.17824522,   40.39862447],
       [ 183.27869347,   45.99590361],
       [  14.80691995,   62.69712358]])], [array([[  50.57677566,  116.3554794 ,    6.17967368,    0.2       ]]), array([[  4.80849909e+01,   1.74401149e+02,   6.41239202e+00,
          2.00000000e-01],
       [  7.11738134e+01,   1.67569332e+02,   6.81561259e+00,
          2.00000000e-01],
       [  1.73318492e+02,   1.32940805e+02,   5.00622526e+00,
          2.00000000e-01],
       [  3.38017798e+00,   1.36575236e+02,   5.14810457e+00,
          2.00000000e-01],
       [  9.95377995e-02,   1.71279572e+02,   4.99999940e+00,
          2.00000000e-01],
       [  5.62738957e+00,   1.86002305e+02,   5.00040262e+00,
          2.00000000e-01],
       [  1.82499243e+02,   5.26534915e+01,   7.45535177e+00,
          2.00000000e-01],
       [  1.49987494e+02,   4.62665937e+01,   1.03825851e+01,
          2.00000000e-01],
       [  3.84426768e+01,   1.87215002e+01,   5.00000248e+00,
          2.00000000e-01],
       [  1.10668396e+02,   7.71469028e+01,   1.00310487e+01,
          2.00000000e-01],
       [  4.98270486e+01,   1.93084917e+02,   5.09491114e+00,
          2.00000000e-01],
       [  7.21401798e+01,   4.54872099e+01,   5.00009563e+00,
          2.00000000e-01],
       [  9.47196836e+01,   8.09101711e+01,   5.70138575e+00,
          2.00000000e-01],
       [  5.96099231e+01,   1.02240165e+02,   5.17725059e+00,
          2.00000000e-01],
       [  9.77889679e+01,   1.64980381e+02,   5.07759124e+00,
          2.00000000e-01],
       [  1.56640459e+02,   9.50811384e+01,   5.94087095e+00,
          2.00000000e-01],
       [  1.62188896e+01,   6.74760226e+01,   5.00746771e+00,
          2.00000000e-01],
       [  3.04006566e+01,   6.05927125e+01,   5.00122884e+00,
          2.00000000e-01],
       [  4.46857322e+01,   1.43109642e+02,   2.17674648e+01,
          2.00000000e-01],
       [  1.38285995e+02,   1.92673200e+02,   5.00000580e+00,
          2.00000000e-01],
       [  1.07705912e+02,   5.05455806e+01,   5.08718180e+00,
          2.00000000e-01],
       [  7.35786662e+00,   1.84432092e+02,   5.00117526e+00,
          2.00000000e-01],
       [  1.24084161e+02,   4.65146681e+01,   5.66843508e+00,
          2.00000000e-01],
       [  2.05255751e+01,   6.77644912e+01,   5.00752058e+00,
          2.00000000e-01],
       [  1.77692721e+02,   1.25729615e+02,   5.02345857e+00,
          2.00000000e-01],
       [  1.98056292e+02,   6.24461319e+01,   5.06560168e+00,
          2.00000000e-01],
       [  1.20259265e+02,   6.49686139e+01,   9.46467329e+00,
          2.00000000e-01],
       [  4.99035532e+01,   1.17731582e+02,   6.46519225e+00,
          2.00000000e-01],
       [  1.90145921e+02,   1.17049840e+02,   5.06180440e+00,
          2.00000000e-01],
       [  4.33437570e+01,   9.11029303e+01,   5.03490616e+00,
          2.00000000e-01],
       [  1.80557228e+02,   1.67218986e+02,   5.00003840e+00,
          2.00000000e-01],
       [  1.35434398e+02,   1.54730430e+01,   5.02633808e+00,
          2.00000000e-01],
       [  1.00566147e+02,   1.04801418e+01,   5.00005316e+00,
          2.00000000e-01],
       [  1.18989187e+01,   1.29942643e+02,   8.90214155e+00,
          2.00000000e-01],
       [  1.75127254e+02,   9.62525340e+01,   6.61461267e+00,
          2.00000000e-01],
       [  1.81046531e+02,   1.31586169e+02,   5.01000388e+00,
          2.00000000e-01],
       [  2.42449816e+00,   9.97479863e+01,   5.23202624e+00,
          2.00000000e-01],
       [  1.99967564e+02,   7.49977963e+00,   5.00000333e+00,
          2.00000000e-01],
       [  8.06110327e+01,   1.27576207e+02,   1.97130933e+01,
          2.00000000e-01],
       [  1.50912985e+01,   1.82117680e+02,   5.01359408e+00,
          2.00000000e-01],
       [  5.72384463e+01,   1.85907432e+02,   5.26611500e+00,
          2.00000000e-01],
       [  4.29059644e+01,   9.85579612e+01,   5.11571271e+00,
          2.00000000e-01],
       [  1.89413378e+01,   1.81497630e+01,   4.99999449e+00,
          2.00000000e-01],
       [  7.32180563e+01,   3.48604627e+01,   5.00003208e+00,
          2.00000000e-01],
       [  1.34097190e+02,   1.10510288e+02,   5.44372828e+00,
          2.00000000e-01],
       [  1.57806785e+02,   1.44839248e+02,   5.00052008e+00,
          2.00000000e-01],
       [  1.36753865e+02,   1.55501773e+02,   5.00036733e+00,
          2.00000000e-01],
       [  7.44195046e+01,   1.26061089e+02,   1.56929171e+01,
          2.00000000e-01],
       [  1.82534215e+02,   1.31522503e+01,   5.00813410e+00,
          2.00000000e-01],
       [  1.78408762e+02,   2.75517263e+00,   5.00279149e+00,
          2.00000000e-01],
       [  4.14250710e+01,   1.74335704e+02,   6.12015008e+00,
          2.00000000e-01],
       [  1.30416979e+02,   1.62660494e+01,   5.01696382e+00,
          2.00000000e-01],
       [  5.91249902e+01,   5.69564858e+01,   5.00018516e+00,
          2.00000000e-01],
       [  1.70056675e+01,   3.00629306e+01,   5.00001895e+00,
          2.00000000e-01],
       [  1.03804958e+01,   9.12088411e+01,   5.21255356e+00,
          2.00000000e-01],
       [  1.50489700e+02,   1.24424942e+02,   5.01380641e+00,
          2.00000000e-01],
       [  1.53258393e+02,   1.14764822e+02,   5.05170645e+00,
          2.00000000e-01],
       [  6.35621968e+01,   3.25988390e+01,   5.00000727e+00,
          2.00000000e-01],
       [  1.90750050e+01,   1.96654466e+02,   5.00298067e+00,
          2.00000000e-01],
       [  7.42407199e+01,   8.04875257e+01,   5.02506247e+00,
          2.00000000e-01],
       [  1.66412763e+02,   1.20099216e+02,   5.03059627e+00,
          2.00000000e-01],
       [  3.73390841e+01,   1.67871916e+02,   7.22460071e+00,
          2.00000000e-01],
       [  1.97103762e+02,   1.51055122e+02,   5.00018336e+00,
          2.00000000e-01],
       [  1.50354956e+02,   7.63698953e+01,   1.54365804e+01,
          2.00000000e-01],
       [  2.97644736e+01,   4.27444317e+00,   4.99999666e+00,
          2.00000000e-01],
       [  1.82031808e+02,   1.96298061e+02,   4.99999421e+00,
          2.00000000e-01],
       [  4.59146577e+01,   1.88717574e+02,   5.16913381e+00,
          2.00000000e-01],
       [  1.91651157e+02,   1.62292214e+02,   5.00005666e+00,
          2.00000000e-01],
       [  9.80798858e+01,   8.93806232e+01,   8.51862477e+00,
          2.00000000e-01],
       [  7.03949388e+01,   1.21199261e+02,   1.01885885e+01,
          2.00000000e-01],
       [  1.95638316e+01,   7.00960130e+01,   5.01112305e+00,
          2.00000000e-01],
       [  4.20788568e+01,   8.41684379e+01,   5.01361593e+00,
          2.00000000e-01],
       [  1.51513418e+02,   2.35037467e+01,   5.23195060e+00,
          2.00000000e-01],
       [  8.36125610e+01,   8.56743545e+01,   5.20440536e+00,
          2.00000000e-01],
       [  1.49954610e+02,   1.14186569e+02,   5.06400696e+00,
          2.00000000e-01],
       [  1.29017561e+02,   9.58316512e+01,   1.08834901e+01,
          2.00000000e-01],
       [  5.77277823e+01,   1.34986408e+02,   1.64804160e+01,
          2.00000000e-01],
       [  5.31262551e+01,   1.34803745e+02,   1.58848694e+01,
          2.00000000e-01],
       [  4.29004928e+00,   9.79495537e+01,   5.27889617e+00,
          2.00000000e-01],
       [  1.38839674e+02,   1.51625286e+02,   5.00056143e+00,
          2.00000000e-01],
       [  1.30411933e+02,   8.98878096e+00,   5.00584002e+00,
          2.00000000e-01],
       [  6.19162035e+01,   7.22461353e+01,   5.00214459e+00,
          2.00000000e-01],
       [  1.67773387e+01,   1.26623921e+02,   1.32089720e+01,
          2.00000000e-01],
       [  1.91490536e+02,   3.09892090e+01,   5.01630908e+00,
          2.00000000e-01],
       [  1.23244310e+02,   1.95112230e+02,   5.00001857e+00,
          2.00000000e-01],
       [  7.12523808e+01,   1.07555562e+02,   5.93668164e+00,
          2.00000000e-01],
       [  1.97038893e+01,   1.48475953e+02,   8.56036429e+00,
          2.00000000e-01],
       [  4.35964493e+01,   7.82160861e+00,   4.99998645e+00,
          2.00000000e-01],
       [  5.14785315e+00,   1.41222581e+01,   5.00001163e+00,
          2.00000000e-01],
       [  9.65446652e+01,   2.66957393e+01,   5.00029345e+00,
          2.00000000e-01],
       [  1.20219345e+02,   5.85476096e+01,   7.10330117e+00,
          2.00000000e-01],
       [  1.24647828e+02,   1.08254707e+02,   7.36153377e+00,
          2.00000000e-01],
       [  9.80703870e+01,   8.56344032e+01,   7.29762996e+00,
          2.00000000e-01],
       [  1.69233773e+02,   1.54320805e+02,   5.00021474e+00,
          2.00000000e-01],
       [  1.57267069e+02,   1.11449277e+02,   5.08084476e+00,
          2.00000000e-01],
       [  3.58934180e+00,   1.00926399e+02,   5.33062836e+00,
          2.00000000e-01],
       [  1.78127816e+01,   4.26622021e+01,   5.00018093e+00,
          2.00000000e-01],
       [  2.41307416e+01,   1.52104671e+02,   9.43679440e+00,
          2.00000000e-01],
       [  8.18138973e+01,   1.89851652e+02,   5.02193238e+00,
          2.00000000e-01],
       [  1.16856096e+02,   9.04132630e+01,   2.03880894e+01,
          2.00000000e-01]]), array([[ 148.43612932,   11.79193917,    5.03829029,    0.2       ],
       [ 193.38471613,  136.46178626,    5.00253483,    0.2       ],
       [ 161.48978309,   57.64513494,   19.7860203 ,    0.2       ],
       [ 154.18650616,   13.44269349,    5.05673868,    0.2       ],
       [  93.58141907,   74.93569373,    5.2335839 ,    0.2       ],
       [ 173.11534236,   11.05341076,    5.02033966,    0.2       ],
       [  14.32749101,  155.85143887,    5.5469051 ,    0.2       ],
       [ 184.14712318,   65.16528133,   11.02737909,    0.2       ],
       [   7.27241265,  120.12457097,    6.65268725,    0.2       ],
       [  14.04496883,   39.13684335,    5.00011543,    0.2       ],
       [  81.45778754,  155.31216773,    8.20745785,    0.2       ],
       [ 146.45176755,  141.27226599,    5.00141012,    0.2       ],
       [  91.36047466,  174.24147251,    5.0534195 ,    0.2       ],
       [  61.86466671,  188.0545716 ,    5.16889346,    0.2       ],
       [  15.89803571,  174.40599179,    5.05078954,    0.2       ],
       [  86.46548123,   67.52326478,    5.02150776,    0.2       ],
       [ 182.68715205,  167.10564941,    5.00004353,    0.2       ],
       [  32.35131379,  169.67905253,    6.16897725,    0.2       ],
       [ 165.86278246,    5.24767345,    5.01317988,    0.2       ],
       [  38.22217069,   37.85896628,    5.00001354,    0.2       ],
       [  60.66053887,    8.73299955,    4.99998877,    0.2       ],
       [  62.76618953,   97.04376227,    5.09507467,    0.2       ],
       [ 166.56100285,  185.30621178,    4.99999597,    0.2       ],
       [  77.68617758,  179.48291119,    5.16452705,    0.2       ],
       [ 100.83015846,  121.54961264,   15.3957454 ,    0.2       ],
       [  97.02360711,   71.88568435,    5.29478556,    0.2       ],
       [  93.50211764,   40.19914796,    5.00122924,    0.2       ],
       [   5.21993049,   74.20720993,    5.0130176 ,    0.2       ],
       [  57.07882674,  140.9960489 ,   20.78221366,    0.2       ],
       [  17.22224195,   70.40496902,    5.011842  ,    0.2       ],
       [  65.27176951,  146.60539171,   21.2583984 ,    0.2       ],
       [ 158.93984632,  166.05011446,    5.00001885,    0.2       ],
       [  53.51125177,  143.91208277,   21.78042689,    0.2       ],
       [ 151.29960012,  178.36734309,    5.00000634,    0.2       ],
       [ 197.04716457,   32.03800165,    5.00118802,    0.2       ],
       [  11.93380305,  191.29964582,    5.00174138,    0.2       ],
       [  39.16410809,   57.91245905,    5.00033089,    0.2       ],
       [ 170.20409161,   63.89882241,   20.49144468,    0.2       ],
       [ 173.46191966,  158.45646469,    5.00014964,    0.2       ],
       [ 138.81756657,   45.73991951,    7.87748212,    0.2       ],
       [ 195.17093282,  157.88516308,    5.00007087,    0.2       ],
       [ 186.60874174,   66.60395444,    9.41876677,    0.2       ],
       [ 154.83945354,  141.57654065,    5.0009233 ,    0.2       ],
       [  84.27833262,   22.44443657,    5.00003678,    0.2       ],
       [ 165.07640181,  131.06624092,    5.00529154,    0.2       ],
       [ 111.18324223,  185.47909709,    5.00029642,    0.2       ],
       [  20.65666748,  198.39784766,    5.00283771,    0.2       ],
       [ 131.5661479 ,  107.87591836,    5.93589627,    0.2       ],
       [ 117.042729  ,   39.70497443,    5.08576348,    0.2       ],
       [   2.88519306,   93.12939083,    5.13029485,    0.2       ],
       [  57.21769224,   65.36734606,    5.00058007,    0.2       ],
       [  84.84664576,   55.89886906,    5.00290562,    0.2       ],
       [ 135.09521966,   93.17247759,    9.25526219,    0.2       ],
       [  81.66198535,  185.05702179,    5.04496151,    0.2       ],
       [  50.49703282,  159.08089705,   14.29230629,    0.2       ],
       [  87.74507499,  193.90597145,    5.00489895,    0.2       ],
       [ 186.02124444,   39.11184602,    5.21300757,    0.2       ],
       [  46.67613281,   66.95979277,    5.00078226,    0.2       ],
       [ 153.1517282 ,  141.61506907,    5.00094698,    0.2       ],
       [  79.85173025,   82.96933751,    5.08091771,    0.2       ],
       [  29.80223438,  141.95445211,   19.52451059,    0.2       ],
       [  65.44520769,   41.79844282,    5.00000842,    0.2       ],
       [  61.99070405,   57.76035193,    5.00024664,    0.2       ],
       [  65.80488525,  150.34407858,   19.16487126,    0.2       ],
       [  21.98117385,  184.6475904 ,    5.03330792,    0.2       ],
       [  27.7370869 ,  191.20601536,    5.02963251,    0.2       ],
       [  49.71087701,  183.8678445 ,    5.36895676,    0.2       ],
       [ 192.78617323,  126.30469776,    5.01270271,    0.2       ],
       [  23.04168779,  193.44562741,    5.01069981,    0.2       ],
       [ 144.00744622,    4.21313708,    5.00919202,    0.2       ],
       [  23.43363484,    4.46586733,    5.00001101,    0.2       ],
       [ 184.54560608,  121.81228337,    5.04138571,    0.2       ],
       [  88.14355333,   50.46765802,    5.0023147 ,    0.2       ],
       [ 101.79021318,   92.7882038 ,   12.82950762,    0.2       ],
       [   9.99107619,  155.82514916,    5.18948305,    0.2       ],
       [  79.12795903,   16.60031841,    5.00000393,    0.2       ],
       [ 137.166614  ,   44.02063253,    7.00354116,    0.2       ],
       [  93.87171275,   40.24488676,    5.0013557 ,    0.2       ],
       [   6.59606612,  122.10338935,    6.39973188,    0.2       ],
       [  90.19903724,   88.06849598,    5.84048637,    0.2       ],
       [  61.67422765,  129.73408787,   12.74350703,    0.2       ],
       [  81.4588616 ,  109.74412061,    9.05315764,    0.2       ],
       [  83.67981686,   99.30545135,    6.51488022,    0.2       ],
       [ 103.81529454,  113.69145786,   18.04526982,    0.2       ],
       [  50.17022419,  155.29135675,   17.81126856,    0.2       ],
       [ 194.85492968,   17.50641206,    5.00054741,    0.2       ],
       [  46.04970151,  120.95893535,    7.53697082,    0.2       ],
       [ 142.2972132 ,   91.4778625 ,    7.85149555,    0.2       ],
       [ 150.2433073 ,  157.78210922,    5.00008688,    0.2       ],
       [ 124.84784787,   82.19808878,   20.47715813,    0.2       ],
       [  91.47511378,   23.08375229,    5.00006034,    0.2       ],
       [   6.18665877,  173.01972004,    5.00400644,    0.2       ],
       [  98.01333098,   29.88777344,    5.00068217,    0.2       ],
       [  47.57415095,   71.54690082,    5.00155682,    0.2       ],
       [  82.12350861,   78.71088576,    5.0609196 ,    0.2       ],
       [ 188.15160313,   12.16029378,    5.0024039 ,    0.2       ],
       [ 144.19181043,  146.99944758,    5.00069174,    0.2       ],
       [ 130.17824522,   40.39862447,    5.60206961,    0.2       ],
       [ 183.27869347,   45.99590361,    5.88967672,    0.2       ],
       [  14.80691995,   62.69712358,    5.00354889,    0.2       ]])], [0.0089709909926588248, 0.0065416981212133617], 2, 25.12227487564087]